536
   1    10.233    -0.578    11.250  600  765  734  713
   2    21.653     1.948    -2.134  340  624  724  649
   3     1.763    -1.906     3.160  638  697  770  805
   4    16.165     3.208     3.126  370  583  646  593
   5    -7.963    -2.096    -3.734  648  574  773  855
   6    -3.420     9.589     2.758  253  234  348  416
   7    -2.784     7.829    18.209  447  423  351  409
   8    14.304     0.384     3.079  480  685  739  697
   9     7.916     4.438     9.404  429  535  555  538
  10    -7.268    -2.958    -3.997  678  620  807  891
  11    10.934    -9.370     0.586  829  981 1051 1072
  12   -15.916     6.442     9.435  506  316  394  528
  13     1.514     4.836     1.501  387  408  545  577
  14    17.169     6.070     2.249  252  461  549  483
  15    -7.449     7.527    17.095  469  395  350  446
  16     6.581     0.734     4.163  522  632  692  703
  17    -8.109     0.564    -3.917  560  468  681  764
  18   -10.766     2.203     4.699  582  467  591  690
  19    14.960    -2.509    12.069  650  875  803  763
  20     7.786     5.557     7.082  367  472  524  507
  21     9.308     1.797    11.844  531  682  640  627
  22    17.177   -12.495     6.822  941 1180 1140 1129
  23    -5.371    -1.143     8.898  719  674  703  771
  24   -11.390    -0.282     0.127  639  519  688  787
  25    18.632     4.975    -2.557  244  470  613  544
  26    11.025   -10.462     3.221  890 1040 1074 1094
  27     4.180    -5.332     5.733  772  853  883  913
  28    -4.672    -1.797    -2.878  621  600  768  839
  29    -8.442    11.409     0.742  206  124  275  371
  30    18.666    -5.152    -0.212  615  880  941  896
  31    13.745   -12.783     8.082  985 1181 1139 1143
  32    11.053     3.741     7.398  419  567  600  564
  33    12.298    -5.569    15.332  809  989  885  867
  34    12.313   -12.219     5.661  956 1127 1125 1133
  35   -10.396     8.862     4.064  334  235  346  459
  36    -5.220    -4.275    -6.544  691  656  856  944
  37    -5.580    -1.046    -1.761  609  564  748  810
  38    -3.490    -2.878     0.033  683  670  802  859
  39     3.358    -5.541    -2.982  716  773  919  958
  40   -11.599    -0.259    15.403  781  667  632  733
  41    -6.011    -4.740     7.077  833  781  832  910
  42   -16.761    10.606    14.577  397  219  210  358
  43    -4.520   -11.640    12.426 1105 1068 1056 1126
  44    11.816    -4.219     0.237  629  805  882  875
  45    11.930    -6.009     2.903  731  900  944  935
  46    -5.663     8.416     0.408  286  245  397  473
  47     6.767   -10.548     4.845  925 1033 1063 1101
  48     9.423    -6.017     5.305  754  909  927  932
  49   -11.227    -0.666    -4.174  611  494  722  818
  50    15.455     5.388     7.814  331  530  547  492
  51   -13.332    -1.166     3.237  725  570  700  813
  52    17.559     1.497    10.200  475  728  677  622
  53   -16.752     5.885    18.124  599  413  371  517
  54    14.499    -8.733     2.193  796  995 1034 1031
  55    15.047     2.998    12.935  461  681  616  556
  56    22.950     8.654     7.199  172  443  459  348
  57    -7.042     8.567     0.617  290  233  379  471
  58    -5.364     1.260     3.435  575  524  647  714
  59     7.283     2.379     7.744  492  615  627  629
  60   -17.242     9.505    15.026  451  262  248  405
  61     8.589     0.656    -2.625  458  582  735  722
  62   -12.758     9.212     1.108  310  183  336  466
  63    23.184    -5.489     5.716  649  967  948  876
  64    -4.791    -1.930    -7.281  591  552  792  854
  65    -3.656    -6.935     9.988  916  908  906  976
  66    -9.209     2.375    18.430  692  614  533  626
  67   -12.292    -1.399     3.820  729  605  713  817
  68     0.463    -4.938     1.736  748  777  868  921
  69   -11.869     1.875    12.277  673  540  569  678
  70     5.149     7.738     2.393  266  328  452  464
  71     4.990    -5.192     6.553  769  863  874  905
  72    -7.078   -12.330     2.582 1056  997 1087 1173
  73    -6.250    -1.974    -3.469  632  587  775  849
  74     7.134   -11.540    -2.057  903 1011 1107 1144
  75    -7.834    16.253     6.114   77    6   81  158
  76    -3.860    -5.612    -6.188  736  717  909  983
  77   -17.109    -0.029     1.287  680  486  662  785
  78    -4.022    14.019     2.561  101   68  189  245
  79    -9.198    -6.503     7.003  912  831  880  982
  80    16.411   -13.990    16.069 1076 1310 1160 1156
  81   -10.359     3.907    17.917  627  527  481  575
  82    -9.269     5.806     9.209  481  381  445  536
  83    -0.606    12.440     0.924  127  129  264  302
  84    14.819     7.471    -0.671  197  366  512  460
  85   -13.427     3.501    11.831  612  466  508  621
  86    12.437    -3.360    18.636  755  951  804  772
  87    11.004    -6.646    -1.508  723  876  974  974
  88     2.023    10.705     0.070  167  203  341  369
  89    20.209   -10.670     8.000  871 1151 1084 1074
  90   -17.733    -0.723     9.408  787  591  654  780
  91    19.861   -10.606     5.107  854 1112 1089 1079
  92    -8.175    15.827     7.114   98   28   90  172
  93   -15.028    -7.935    11.653 1038  893  904 1032
  94    23.912    11.807    -0.275   15  270  376  254
  95    10.726     7.314    -1.073  221  350  503  475
  96     0.291   -14.440    15.269 1177 1227 1142 1196
  97   -11.463    12.211     0.879  193   82  232  347
  98    -9.947     4.130    11.901  573  464  494  588
  99    -6.204     1.324    -0.976  544  479  655  729
 100    -0.434     2.732    11.248  561  573  581  616
 101    15.763    -6.711     9.321  778  998  960  927
 102    -6.897     9.350    17.027  404  326  283  368
 103   -20.235    11.630     7.507  324  109  195  362
 104    -7.877    -4.298     7.007  825  758  813  900
 105    12.670     7.683     7.658  263  426  457  420
 106     7.497   -12.278     5.470  986 1097 1114 1146
 107    16.697   -14.287     3.555  977 1210 1197 1197
 108     1.811   -13.493     5.248 1063 1103 1141 1191
 109    -3.235     3.620     0.685  455  425  580  635
 110    -9.231    10.284     7.392  299  213  281  388
 111   -13.884   -13.028    -2.931 1075  941 1109 1222
 112     1.116     9.226    -2.248  204  229  401  441
 113   -11.696    11.560    16.194  346  227  190  296
 114   -11.484    11.445    -6.932  164   53  294  413
 115    14.266     4.358     9.391  390  588  578  524
 116     9.104   -13.594     5.071 1018 1157 1156 1181
 117    -7.264    -1.274     5.550  703  639  723  793
 118    -3.933     0.466    -0.002  566  531  684  750
 119     0.940    -0.052    -0.587  552  581  729  757
 120     1.169     0.127     7.302  601  655  686  720
 121   -14.177     0.733     5.160  667  509  626  743
 122   -14.041    -2.095    17.855  881  741  680  792
 123    -1.121    14.367     1.740   73   65  194  229
 124    16.686     6.738    17.392  353  584  470  398
 125    21.084    -9.916     7.265  838 1115 1069 1047
 126   -12.221     6.061     3.578  448  308  447  555
 127     6.169    -4.310     3.236  706  801  858  881
 128    -6.337    -1.070    -0.473  625  575  740  808
 129    -7.329     3.934     2.952  485  403  542  630
 130    16.934     5.642    -0.534  245  448  579  512
 131    -7.414     6.347     6.213  431  345  444  523
 132    -6.142    11.999    18.445  309  259  184  251
 133     0.681     9.707    -4.239  175  198  391  431
 134    19.876     2.406    10.627  438  714  657  580
 135    -9.854    -8.010     6.922  963  879  940 1041
 136    -9.463     3.490    10.105  578  475  525  617
 137   -17.891    -0.306     8.464  756  559  644  773
 138    -4.343    -5.419   -12.685  672  644  924 1002
 139    -7.089    -0.207     9.222  695  633  666  746
 140    -0.687    -4.506    15.298  859  886  812  857
 141   -20.291     0.622    11.053  765  528  595  739
 142    11.734     2.915     3.132  407  561  641  610
 143    -1.151   -14.737    10.791 1163 1183 1155 1220
 144    -8.489    12.901    15.073  262  186  155  242
 145    11.606   -12.086    11.657 1007 1176 1101 1119
 146   -16.643    10.678     3.761  301  131  260  407
 147   -16.698    -3.859     4.784  849  671  782  908
 148    18.683    -6.730    10.335  766 1024  962  915
 149    20.063    -3.044    10.193  618  912  837  776
 150   -13.321     4.752    11.104  565  414  463  581
 151   -20.942    12.075     8.464  321   97  171  342
 152    16.799    10.423    -1.148   86  272  408  335
 153     4.802    -8.448     8.461  898  984  989 1020
 154   -10.828    -1.277     5.050  728  618  709  804
 155    10.049    11.718     7.062  136  265  304  267
 156   -10.732     6.374    17.157  541  422  377  485
 157    19.137   -12.616    12.140  975 1245 1134 1122
 158    -4.140    -8.051    13.359  983  964  936 1009
 159   -16.587    -8.794    12.250 1082  917  929 1066
 160   -17.486     6.807     6.957  479  285  382  529
 161    -4.297    12.978    -7.149   76   39  266  332
 162   -14.531    -8.713     6.511 1016  871  956 1076
 163    15.980    -7.820    17.382  885 1106  970  943
 164    16.916    -1.126    17.641  633  894  750  691
 165    -5.988    -6.697     7.529  902  861  895  981
 166   -18.201    10.098     3.905  337  147  272  436
 167     1.005     7.995     6.109  315  327  413  452
 168    10.649    -8.932    14.959  927 1087  998 1004
 169   -21.127    -1.355    -6.299  689  445  726  868
 170    24.850     3.527    -1.892  264  571  671  579
 171     9.376    -5.110    18.460  842  986  853  846
 172     0.097    -1.351     1.593  613  649  757  794
 173   -17.644    -7.993     7.294 1021  838  913 1055
 174    -2.042    -5.465   -12.345  660  664  933  996
 175    -8.990    -1.354    -0.914  653  563  745  824
 176     4.305     5.050    18.642  503  585  485  487
 177   -22.992     8.393     2.769  426  172  317  501
 178    14.060    -8.405    -0.708  764  961 1029 1028
 179   -12.425   -13.707     5.798 1157 1038 1112 1219
 180    -7.298     1.419    -6.752  498  416  665  749
 181    13.968     7.314     5.309  247  427  487  443
 182     6.411    -1.229    12.840  671  780  737  734
 183     3.626    10.579    12.101  249  299  299  307
 184    23.705   -11.783     1.105  835 1142 1145 1118
 185    -9.580    16.128    17.610  177   83   37  106
 186     8.298     4.502    -4.457  305  406  604  596
 187    21.679    -7.726     9.968  784 1063  999  950
 188    12.132     7.592    14.288  326  485  433  394
 189   -16.387    -7.133    -2.667  897  727  918 1054
 190    25.392    -9.495    -4.543  701 1023 1092 1063
 191    -8.643    10.479    -3.993  203  118  322  427
 192   -17.353     9.267    -3.833  291  120  340  488
 193    22.651     8.911     3.467  133  396  468  355
 194   -13.454   -16.137    13.865 1312 1188 1166 1262
 195   -14.203     7.642     8.108  442  281  358  489
 196   -17.427     2.677    17.281  733  525  501  640
 197    17.894    12.342     6.531   70  273  308  220
 198    -2.032    -1.017    -0.673  593  610  752  796
 199    -8.683    -9.617     3.049  973  911 1005 1103
 200   -14.060     3.387    18.814  687  532  484  600
 201   -18.425   -11.072    -0.842 1057  867 1038 1169
 202     8.016    -8.554     1.350  822  950 1014 1045
 203    -1.808     4.251     5.478  462  447  539  592
 204   -23.411     1.327     5.668  721  440  577  740
 205    -7.366     8.566    11.685  392  309  333  426
 206   -10.961    10.944     7.964  287  187  250  359
 207    -2.228     5.096    16.556  528  517  467  510
 208    -2.736    -3.410    17.995  858  855  764  814
 209     0.335    12.978     4.886  129  148  229  259
 210   -21.606     6.819    -4.712  411  177  421  589
 211     7.533     4.553    -1.304  336  433  589  583
 212   -11.651     6.265     1.778  422  291  449  554
 213     0.391     0.041     8.003  616  661  683  723
 214   -20.189    12.134    12.967  351  133  150  320
 215   -22.239     7.309    -3.102  410  165  392  565
 216    12.634     0.952     6.263  497  683  694  674
 217    -4.634    10.601    -3.378  182  141  332  408
 218   -17.770     3.839    12.593  636  438  476  614
 219   -12.396     6.146    -4.105  378  253  478  587
 220     2.086   -14.926    -5.103 1025 1059 1206 1246
 221    -1.094   -16.199     5.763 1168 1193 1213 1268
 222   -21.427    -6.300     0.023  921  693  860 1025
 223    -9.160   -16.084    14.224 1288 1219 1173 1249
 224    15.091     2.056    -2.739  371  560  695  666
 225   -12.501   -11.523     6.698 1099  973 1047 1151
 226     0.562    14.764    16.398  155  178  119  131
 227    -2.701     5.353     7.107  444  418  492  546
 228    -7.618    -8.349    10.503  993  932  949 1036
 229   -21.111    10.508    10.315  394  163  213  401
 230    -7.098    -5.952    -4.568  782  721  907  998
 231    -2.533     4.259    -7.954  355  322  593  650
 232   -17.640    10.069     0.514  302  122  289  453
 233   -11.281     2.089    -7.780  491  361  637  737
 234    21.202     7.096     8.559  238  508  509  411
 235     1.801    10.513    12.963  269  297  291  309
 236   -23.161     8.440    -4.930  356  110  352  535
 237    -8.597     5.476    10.575  502  405  454  541
 238     3.471     5.368     9.773  427  478  506  515
 239   -17.831    14.476    15.043  261   80   65  210
 240   -20.663     6.547     9.682  533  293  364  537
 241   -22.563    -9.216    -7.204  965  726  990 1132
 242   -20.966    14.124     6.258  227   16  102  276
 243    14.313    15.077     7.629   11  162  199  117
 244    10.587   -13.138    18.017 1107 1265 1120 1130
 245    18.569    10.736    14.430  180  399  337  241
 246   -14.880     8.005    -5.857  312  161  403  533
 247   -15.723     0.992    15.748  761  599  576  704
 248     8.001     7.839     6.665  280  380  442  430
 249     6.415   -12.326    11.152 1041 1154 1096 1131
 250    -0.672    -5.006    13.640  860  891  835  884
 251    -8.865    14.427    13.938  205  119  104  188
 252    -0.227    14.829     8.899  100  108  146  175
 253    -1.994   -17.323    11.778 1260 1277 1226 1295
 254    -4.785    -7.975     2.240  896  865  964 1046
 255     5.890   -12.911    13.278 1084 1190 1108 1147
 256   -12.574    -7.181     6.784  948  835  896 1017
 257     1.789    -0.863    15.598  717  767  693  724
 258    -4.546     1.737   -10.542  441  387  672  745
 259     0.155    13.079     7.082  143  160  215  246
 260    19.891    12.635     8.686   64  289  298  191
 261   -22.595     9.343     1.513  374  130  292  478
 262   -18.866   -13.499    -1.958 1131  938 1111 1235
 263     8.944    -8.507    15.979  936 1072  981  985
 264   -19.510     3.188    10.577  658  434  504  656
 265    23.128    11.338     3.419   49  307  374  256
 266    -0.784   -14.367    15.123 1180 1220 1138 1195
 267   -11.856    15.418    12.033  173   57   70  173
 268   -11.254    16.080    18.739  195   88   31  109
 269     9.727    10.602    -3.428   99  214  385  366
 270     7.004   -13.762    15.395 1125 1242 1135 1168
 271     1.426    -5.840    -5.709  715  751  935  979
 272    -3.588    -6.317    -4.023  773  757  930 1006
 273     0.798    11.521     8.080  207  230  271  298
 274    -6.704   -12.665     5.897 1090 1036 1091 1175
 275   -24.526    -1.375    -8.589  697  404  721  886
 276    16.423   -10.775    14.286  951 1191 1066 1065
 277   -20.613    -5.688     5.848  944  725  825  980
 278    -0.335     5.130    19.001  532  549  460  495
 279     7.078   -14.241    10.116 1091 1214 1161 1193
 280    -3.282    16.750    17.818  120   93   39   72
 281    21.667     1.116    -4.208  352  630  754  687
 282    25.484     7.724    -1.438  126  412  532  424
 283   -11.450    17.020    12.215  115    7   29  105
 284     8.898   -14.420    -1.206  992 1117 1194 1225
 285   -26.307    11.503    -3.069  277    9  220  437
 286   -15.868    -8.073    -3.671  917  750  961 1083
 287   -13.588    -9.880    -5.870  939  807 1022 1137
 288    11.517    10.562    -0.928  106  247  380  349
 289     0.130   -17.925    19.315 1328 1363 1231 1290
 290    -3.700    11.668    11.061  246  221  234  294
 291     9.581     8.235     4.803  236  358  441  422
 292    16.280     8.064    -3.496  149  325  505  450
 293    13.707   -14.463     1.430  982 1175 1201 1213
 294    -3.579    -1.997    -8.883  577  542  800  860
 295    17.126     7.978    18.991  320  543  418  333
 296    -6.620   -13.541     0.484 1077 1021 1136 1218
 297     7.032    10.806    12.368  226  311  303  289
 298    -2.256    -7.942    -4.046  821  820  993 1061
 299     7.076    -8.452    -4.937  771  890 1024 1064
 300     1.325   -13.800     4.251 1067 1102 1148 1203
 301    -0.634    13.003    17.688  231  248  175  195
 302    -1.336    -7.243    -3.883  792  800  969 1030
 303     7.453     6.248    -0.727  279  372  527  518
 304    12.559   -12.055     2.538  922 1095 1128 1138
 305     3.954     1.369    -8.200  420  469  704  731
 306     9.108    -2.228    -4.127  551  684  822  828
 307     1.636    14.603    15.467  146  181  136  139
 308    11.760     5.052    11.320  395  558  534  497
 309   -15.339    -1.708     3.410  750  586  715  836
 310    22.277    -8.961    -3.737  709  994 1072 1049
 311    -3.459     9.701    17.228  373  336  282  339
 312    -0.398    10.072     9.603  273  280  311  351
 313    -8.735    -5.993    -6.649  774  695  910 1014
 314   -10.335    10.296    13.812  365  261  251  352
 315     1.409    15.214    14.032  119  145  116  120
 316   -22.120    -4.548    -7.077  803  551  823  986
 317     0.936    -7.360    -5.110  770  808  983 1037
 318    -0.210    -8.030    -7.795  783  797 1003 1073
 319    -0.385    -4.513     5.019  767  786  844  895
 320    14.590   -15.001     7.628 1050 1256 1203 1211
 321    16.912    14.111     4.752    6  197  256  169
 322    -4.746    -1.406   -11.295  549  496  787  852
 323     2.118   -17.557    18.006 1297 1353 1228 1278
 324    -8.315     4.033    13.653  579  493  496  582
 325     0.878     1.123    14.483  628  680  625  668
 326    -2.684     4.594    12.855  518  499  497  547
 327   -14.859   -14.524    -3.316 1130  974 1153 1257
 328     8.077     8.273    13.595  322  430  395  386
 329     4.972     7.922    19.976  405  481  363  375
 330   -14.118   -14.619     9.736 1226 1088 1131 1231
 331    -0.044     5.686    -7.179  288  294  541  584
 332    22.978   -13.045    -0.805  861 1165 1186 1162
 333    26.695     2.497    -5.105  265  607  733  625
 334    -8.075     9.316    -6.888  216  140  381  476
 335    -7.725   -12.424    -6.744  980  923 1117 1205
 336    19.116   -14.654    15.458 1074 1339 1187 1171
 337    13.140   -14.911     3.136 1024 1203 1208 1223
 338    25.533     9.759    -1.276   54  337  464  337
 339    12.455     2.581    17.336  530  723  605  561
 340   -17.223    -3.251    -1.425  777  592  778  911
 341     5.453    -2.748    -7.471  563  648  842  863
 342    -1.483     1.328     7.323  580  590  639  689
 343     5.053   -14.325    14.125 1142 1239 1149 1187
 344     8.519     9.801    12.408  251  360  344  323
 345   -12.807   -11.151    -9.929  943  823 1075 1179
 346     1.756    -7.244    -3.622  775  824  977 1024
 347     0.905     2.184   -10.813  383  398  675  718
 348    -2.898    -6.829    16.043  958  958  879  948
 349    -6.363   -11.344    14.891 1127 1070 1032 1115
 350   -22.201     0.041    -1.072  696  435  650  806
 351    10.755   -10.519    14.092  976 1138 1050 1067
 352    19.617     3.294    14.782  443  718  611  525
 353     4.596     4.630   -10.786  275  324  610  631
 354     3.633    10.971    -5.207  105  155  356  381
 355    20.094   -15.696    14.552 1094 1367 1218 1208
 356    -7.940    -8.909    -2.778  900  837 1001 1095
 357     8.572     8.175    -4.109  187  283  477  468
 358   -17.071    -7.213     4.044  959  779  892 1035
 359   -21.710    -5.050    -7.839  812  568  845 1010
 360   -19.848    -3.303    15.187  933  729  720  858
 361     4.352    16.017    16.024   90  149   92   80
 362    -0.965     2.685    13.348  581  604  570  606
 363    -1.808    -0.500    -9.091  512  498  760  809
 364    14.427    10.117    18.262  248  439  328  258
 365    21.536   -10.955     2.563  834 1111 1110 1091
 366     6.963     1.432    -6.290  415  501  705  715
 367   -20.790     8.192    -5.599  347  126  372  543
 368     7.440   -11.699    19.273 1085 1213 1062 1090
 369    19.086    -8.829    -3.542  730  972 1059 1050
 370    17.398    15.000    10.980   18  215  200   97
 371     3.068     3.925   -11.830  298  334  628  665
 372   -13.984   -15.957     2.110 1204 1067 1188 1294
 373   -25.713     6.353    -7.418  435  152  434  628
 374   -15.893   -15.982    11.065 1303 1141 1163 1273
 375   -16.024    12.375    -2.710  189   35  226  373
 376   -22.666    11.121    -6.549  237   13  263  456
 377    -4.296    -4.235    20.002  913  898  779  840
 378     8.601   -16.881     9.270 1158 1300 1237 1266
 379     5.505     3.465   -10.759  314  377  653  672
 380    26.006    -6.689    -3.514  597  945 1011  952
 381   -12.659     5.236    -7.259  389  256  523  633
 382     2.190    14.237     3.810   75  100  201  211
 383     5.626    14.812    12.721   96  171  151  132
 384   -12.415   -15.483    14.763 1296 1177 1146 1240
 385    -0.110   -13.862    18.082 1184 1230 1116 1170
 386   -22.651     2.310   -13.073  508  264  615  770
 387   -21.441     1.228    -7.025  586  344  630  779
 388     1.952     9.694    12.702  293  323  319  343
 389     0.824    10.106    19.583  350  365  276  297
 390   -26.294     5.232     0.753  545  252  440  634
 391    -3.468    -4.781   -12.253  642  628  900  975
 392     8.424    11.447     5.953  145  254  310  290
 393    -4.537     8.286    10.595  375  320  357  434
 394     1.758     9.043    13.484  333  359  342  370
 395   -16.350    -6.312    -1.568  875  708  881 1019
 396    17.163    15.816    13.346   10  205  157   64
 397   -16.950   -15.732     6.333 1257 1078 1165 1280
 398    -0.470   -13.545    18.002 1176 1222 1104 1164
 399   -19.963     5.068    -6.128  452  237  498  655
 400    15.437    -3.984    -4.432  567  774  899  877
 401   -16.173   -16.044    13.200 1317 1163 1157 1267
 402    -3.860     2.681    15.172  610  602  557  607
 403    -8.331     0.634    -9.906  505  410  698  784
 404   -21.052    -8.355     1.666 1004  776  937 1085
 405   -16.568    -3.447   -12.134  684  497  819  956
 406    22.893     2.132    -4.000  307  608  731  646
 407   -14.561   -11.985     0.868 1078  934 1068 1180
 408     9.161     1.757    13.503  553  702  635  618
 409   -18.216    -3.579   -10.757  718  505  815  962
 410    18.556    11.251    15.566  171  389  313  213
 411    -0.808     9.033    12.976  344  342  334  385
 412   -23.394   -15.208    -0.924 1212  970 1150 1293
 413    10.108   -16.250     4.831 1095 1246 1233 1250
 414    -6.821    14.785    12.414  170  104  108  180
 415    -2.261    -9.782    -4.263  886  888 1044 1113
 416    -8.930    -3.532     4.903  788  707  795  883
 417     0.940    15.928    10.079   69   87  106  115
 418     5.323     3.564    14.806  520  623  554  552
 419    14.099    -7.787    -5.659  702  899 1021 1026
 420    10.761    12.170    -9.459    3  114  355  329
 421    -2.473    15.001    12.270  131  117  117  159
 422    14.917     5.703    -8.510  199  363  602  550
 423   -24.690    -0.002    -5.123  677  386  658  826
 424   -19.006    -2.765    -8.670  710  488  784  922
 425    17.194    11.729    16.405  169  374  287  192
 426     4.616   -11.783    18.491 1102 1194 1060 1105
 427    11.380    14.784    15.765   91  231  164  102
 428     5.451    12.913    -2.607   47  115  284  285
 429     1.981     4.817    15.706  504  541  493  513
 430    -1.538    -1.366   -12.073  515  506  797  847
 431    -8.294    -7.681    -8.236  815  742  979 1075
 432   -11.076    -6.280     1.735  868  760  887  995
 433    -2.054    -6.298    -9.674  724  719  954 1018
 434   -12.719   -10.567     2.106 1034  913 1025 1135
 435    -5.130    -4.119    16.005  883  845  788  851
 436     9.936     9.610     0.302  159  276  409  390
 437   -10.633    -9.009    -6.369  895  783 1006 1110
 438     8.255    10.994    -4.839   85  180  367  361
 439    -7.088   -10.581    -7.196  915  858 1064 1150
 440    23.002   -14.445     5.644  962 1273 1210 1186
 441   -17.111    -4.212    19.867  994  816  749  869
 442    -3.728    11.374   -11.433   92   59  343  415
 443     2.334   -14.041    -9.703  946 1003 1190 1237
 444    25.577    -0.587    -6.694  368  699  820  741
 445    17.994     2.441    -8.740  284  507  714  671
 446    14.813    -1.701    -6.279  471  676  830  801
 447    10.448   -17.238    15.392 1202 1369 1238 1254
 448   -25.132    -4.369    -9.777  794  502  818  992
 449   -14.022   -10.428    -5.313  969  834 1041 1152
 450     3.916    -7.241    -6.819  737  802  994 1029
 451    10.816     0.382    -7.823  416  550  761  748
 452    13.362     9.648    19.959  283  465  335  273
 453     7.037    11.235    18.541  254  351  261  238
 454   -25.947    -8.030    -8.512  931  657  947 1111
 455    -0.999    -6.208   -14.443  662  675  965 1027
 456    20.767     1.849    -7.871  295  556  747  680
 457     7.332    -6.826    18.947  918 1035  903  912
 458   -14.968    13.737    18.148  294  146   87  214
 459     2.127    -0.805   -10.693  484  518  786  816
 460    -9.779     9.857     1.045  268  175  320  432
 461    14.778    -1.277    -6.973  454  659  816  790
 462    -4.485    12.336   -11.497   63   25  306  384
 463     6.111     4.997    16.260  473  572  500  493
 464   -13.899   -10.789    -5.205  978  844 1053 1163
 465    15.610     1.365    -6.929  358  546  744  702
 466    21.696   -13.554    -2.186  878 1162 1200 1177
 467    16.761    -9.794    -8.743  734  954 1093 1099
 468    25.392     0.552    -6.327  332  658  789  708
 469    -1.154    13.859    -7.669   26   14  246  293
 470     0.586    10.220   -10.369  112  123  399  445
 471     7.401    10.479    -0.995  130  226  370  364
 472    17.374    13.489    17.891  118  314  219  112
 473     8.633    -8.200    -7.755  735  862 1030 1062
 474    -4.898    -1.874   -15.720  523  473  809  888
 475    -1.161    15.395    -2.200   14    5  176  204
 476    21.541    -3.133    -1.104  527  815  869  821
 477    17.041     4.780   -10.648  201  392  643  591
 478     7.989    -4.138     2.068  674  792  862  872
 479     5.880     3.823   -13.691  272  339  652  670
 480     4.307     5.483   -14.136  225  274  596  605
 481    12.040     8.535     7.373  235  385  428  391
 482    -0.303   -14.782    -8.851 1000 1017 1204 1256
 483   -17.874     8.793    -7.911  281  101  368  520
 484   -19.263   -12.878   -12.727 1026  821 1122 1239
 485    15.947     0.091   -12.150  357  554  798  760
 486    23.234    -6.462    -8.902  568  872 1012  970
 487   -20.478     1.762   -16.124  490  267  651  795
 488    23.271     5.754    -7.465  160  421  617  521
 489     8.032    10.816    -9.034   60  150  398  392
 490     8.645   -15.598    -3.148 1017 1145 1230 1252
 491   -22.202     8.293   -13.116  282   63  400  573
 492    -1.588     4.989    -8.797  316  295  574  619
 493   -15.569     4.924     7.609  548  362  461  594
 494     8.574     3.812   -13.456  256  356  660  659
 495     0.739    11.819   -10.271   56   71  339  382
 496    11.329    16.547    16.703   36  170   96   48
 497   -16.956    -0.014   -15.318  538  343  717  845
 498   -24.548    -2.134    -2.113  780  490  730  892
 499   -21.707    14.449     9.593  241   27   79  248
 500    17.640    -1.328   -11.009  409  635  839  798
 501    15.951     2.188   -13.030  276  462  736  695
 502    21.440    -1.896    -9.984  414  691  861  811
 503    -1.591    11.148   -11.905   84   69  359  419
 504    -1.318   -10.724   -12.396  841  849 1090 1161
 505    15.134    -7.580    -6.560  676  892 1020 1022
 506     7.801    12.548    -7.877   20   98  326  316
 507   -16.690   -16.862    19.502 1385 1243 1167 1282
 508   -23.225     5.373   -12.374  406  159  502  676
 509   -23.077    -7.081   -13.321  845  593  934 1092
 510   -16.779    -4.391     6.575  884  709  796  923
 511    17.016     0.722    -7.948  364  578  766  721
 512    12.899     1.371   -15.265  303  454  759  735
 513    10.185     3.654   -12.770  259  378  663  658
 514    19.841     6.863   -10.552  121  331  583  498
 515    -3.030    -4.651     5.014  790  775  848  906
 516    -7.954    -9.677    15.468 1083 1016  976 1071
 517    13.310    -3.760   -12.162  509  692  914  904
 518   -20.599   -14.170    13.354 1292 1071 1086 1226
 519   -15.835    -6.595    18.704 1055  905  833  959
 520    15.466     5.878   -12.967  158  319  608  559
 521    18.843     5.500   -11.690  162  364  623  560
 522    19.129    -3.847   -14.149  459  712  943  901
 523    -8.776    -9.345   -15.772  811  733 1046 1139
 524   -11.294    -7.673   -14.982  779  668  992 1096
 525     2.875     6.943    17.748  439  487  414  428
 526    -6.391     3.287    10.883  572  510  538  611
 527    24.082   -14.098   -13.828  789 1080 1236 1224
 528    14.668     8.006   -17.543   57  217  548  504
 529    21.948     9.409   -13.008   17  242  515  423
 530     8.381   -15.763    -6.422  996 1116 1239 1276
 531    17.325     1.111   -14.423  289  500  772  732
 532    14.385   -15.472    -5.524  955 1155 1240 1247
 533    14.174   -10.628   -11.279  747  944 1124 1128
 534     7.815     3.446    18.440  537  673  551  540
 535    18.782     4.971   -15.062  154  355  656  598
 536    -5.790     5.685   -17.270  250  201  564  639
