535
   1    10.279    -0.661    11.204  601  766  745  726
   2    -8.049    -2.130    -3.787  646  575  786  868
   3    -6.373    -1.966    -3.571  629  582  784  861
   4    14.226     0.397     3.052  482  683  747  713
   5   -11.439    -0.364     0.097  635  518  691  804
   6     9.318     1.698    11.747  534  685  650  639
   7     1.769    -1.936     3.096  633  692  785  819
   8    16.126     3.217     3.024  374  577  648  599
   9    -7.341    -2.986    -3.982  675  615  814  902
  10   -15.908     6.314     9.384  512  321  406  538
  11    -5.306    -4.341    -6.541  689  654  865  955
  12    -7.344     7.567    17.149  476  394  355  444
  13    18.648    -5.149    -0.231  612  881  945  908
  14     3.779     4.717     7.972  437  488  539  555
  15   -13.370    -1.215     3.189  726  572  706  827
  16   -16.735    10.533    14.590  405  225  223  361
  17     1.475     4.814     1.464  391  408  560  585
  18   -11.607     6.261     1.721  426  293  459  561
  19   -11.610    -0.285    15.489  784  666  640  745
  20     8.604     0.748    -2.549  465  576  739  732
  21    21.668     2.021    -2.062  342  616  724  653
  22     9.471    -5.983     5.371  753  910  931  943
  23    -3.401     9.480     2.821  258  238  357  425
  24     7.916     4.398     9.392  436  536  565  547
  25    15.082    -2.531    12.115  647  878  812  773
  26   -16.723    -3.918     4.788  854  673  793  923
  27   -13.326     4.645    11.051  571  419  473  592
  28    18.583     5.024    -2.560  244  465  618  546
  29    -5.653     8.349     0.443  295  247  404  481
  30    15.015     2.078    -2.733  376  558  700  677
  31   -12.303    -1.366     3.766  727  597  718  828
  32     0.130    -1.451     1.501  611  652  769  812
  33    14.345     4.391     9.463  393  585  584  532
  34     8.039     7.777     6.640  285  385  449  435
  35    11.878    -6.026     2.934  734  901  950  948
  36     5.157     7.800     2.421  264  327  457  466
  37     4.249    -5.345     5.748  774  855  884  926
  38    11.005   -10.491     3.232  892 1042 1088 1107
  39    -9.260    -6.488     7.047  913  828  882  992
  40   -10.366     8.854     4.093  341  234  349  460
  41    -4.731    -1.758    -2.916  615  594  779  848
  42    -2.661     7.704    18.181  455  430  362  417
  43    13.710   -12.845     8.049  990 1191 1148 1159
  44    -9.937    -7.993     6.956  966  877  944 1052
  45   -11.872     1.809    12.304  672  545  577  690
  46    -6.041    -4.763     7.176  833  782  838  921
  47    -8.434    12.756    14.993  269  200  171  249
  48   -17.415     2.714    17.297  730  524  507  647
  49    15.910    -6.743     9.228  777 1004  964  941
  50    16.060    -7.847    17.440  887 1116  975  953
  51   -10.811     2.234     4.649  581  466  594  701
  52    14.481    -8.717     2.190  801  996 1044 1044
  53    -4.291    12.869    -6.992   77   45  274  334
  54    17.606     1.492    10.242  481  726  683  623
  55     7.456   -12.254     5.533  987 1102 1122 1158
  56   -20.252     0.619    10.946  762  528  599  749
  57    12.445    -5.652    15.350  812  998  890  880
  58   -14.152     1.843     4.391  609  458  601  719
  59    15.012     3.054    13.018  467  677  620  560
  60    11.787    -4.248     0.252  625  812  885  892
  61     6.777   -10.501     4.901  927 1037 1075 1112
  62   -16.742     5.850    18.154  600  415  380  523
  63   -10.217     3.879    17.969  623  527  487  579
  64    -5.643    -0.984    -1.779  604  561  752  820
  65   -12.720     9.239     1.196  314  187  340  469
  66   -17.629    10.090     0.462  303  123  295  455
  67   -16.656    10.618     3.787  309  136  268  411
  68    14.754     7.494    -0.716  204  369  515  464
  69   -13.997     3.455    18.894  684  531  486  604
  70    -3.884     0.406    -0.035  569  532  689  760
  71    -6.750     9.253    17.020  411  330  294  370
  72   -15.708     1.074    15.804  756  593  578  712
  73     1.004    -0.064    -0.634  553  578  736  770
  74    -7.008     8.490     0.644  299  235  394  479
  75    15.595     5.439     7.870  333  530  559  492
  76   -11.403     2.535    11.972  632  514  556  664
  77    12.285   -12.247     5.703  960 1136 1136 1150
  78    -4.865    -1.992    -7.316  594  550  802  869
  79    -3.696    -7.033    10.007  920  913  913  989
  80    17.198   -12.557     6.694  946 1189 1152 1145
  81    -5.309     1.276     3.445  575  525  649  723
  82     4.881    -8.508     8.519  906  988 1001 1033
  83   -18.209    10.008     3.892  343  148  279  441
  84     1.790   -13.527     5.344 1062 1115 1151 1207
  85     9.065   -13.568     5.111 1020 1166 1166 1195
  86    -0.832   -14.469    15.218 1188 1234 1150 1215
  87    -8.099     0.499    -3.983  559  469  688  777
  88     8.041    -8.502     1.379  823  955 1022 1053
  89    -3.499    -2.859     0.050  678  668  809  870
  90    -7.801    16.199     6.143   78    7   89  164
  91    10.931    -9.395     0.584  830  985 1063 1080
  92   -14.010    -2.015    17.929  882  734  682  802
  93     6.229    -4.248     3.302  703  803  864  894
  94    11.052    -6.633    -1.529  714  874  978  986
  95   -11.694    11.487    16.371  352  232  201  297
  96    18.800    -6.773    10.272  769 1029  970  931
  97    -9.344     5.675     9.217  491  387  454  548
  98    -8.676    -9.581     3.047  979  909 1012 1114
  99   -17.410     9.232    -3.839  300  121  344  494
 100   -13.405     3.408    11.798  610  470  518  632
 101    -6.094    -6.730     7.610  907  857  900  991
 102     1.514    -5.807    -5.726  708  747  942  988
 103    16.847     5.648    -0.616  247  449  585  517
 104    14.089    -8.408    -0.714  759  960 1042 1043
 105    -7.746    -8.396    10.576  998  938  955 1051
 106   -20.294    11.574     7.550  330  114  206  363
 107    -4.633   -11.733    12.506 1106 1071 1069 1141
 108     9.683     8.305     4.863  239  357  443  420
 109    -9.107     2.336    18.501  687  612  543  636
 110   -14.202     7.557     8.059  449  285  367  495
 111     6.635     0.810     4.236  522  628  693  711
 112    11.677   -12.120    11.689 1008 1187 1110 1133
 113   -14.542    -8.620     6.544 1014  869  957 1086
 114   -11.518    12.261     0.983  203   85  238  339
 115    -8.684     5.411    10.543  509  407  464  552
 116   -17.907    -0.289     8.367  754  555  647  782
 117    12.783     7.673     7.735  265  425  467  422
 118    -8.426     3.892    13.714  582  498  511  594
 119    16.773   -14.299     3.529  980 1217 1205 1213
 120    -7.883    -4.294     7.067  827  756  817  910
 121    -4.136    -8.215    13.379  993  973  949 1023
 122     7.809     5.485     7.094  377  474  533  513
 123     1.006    -7.341    -5.149  773  811  992 1048
 124    -2.716    -3.628    18.035  863  861  778  836
 125    20.227   -10.623     7.889  872 1149 1095 1082
 126     1.961   -14.887    -5.139 1025 1055 1213 1264
 127    22.909     8.779     7.190  172  438  466  337
 128    19.872     2.353    10.650  447  713  664  591
 129   -17.823     3.902    12.574  627  434  480  617
 130   -20.692     6.484     9.581  533  298  374  544
 131    -1.091    14.321     1.842   73   71  203  232
 132    19.175   -12.526    12.106  975 1251 1143 1131
 133   -16.562    -8.776    12.244 1082  918  935 1074
 134    -3.205     3.499     0.625  466  428  589  651
 135     6.474   -12.382    11.208 1047 1165 1108 1146
 136    23.047   -13.064    -0.897  864 1176 1196 1179
 137    -1.212   -14.730    10.895 1168 1193 1165 1235
 138   -12.388   -13.637     5.821 1158 1038 1121 1229
 139     3.442    -5.516    -3.002  710  773  922  965
 140   -12.596    -7.079     6.810  949  827  897 1022
 141     1.179    -0.050     7.326  605  660  696  735
 142   -20.234    12.071    12.911  356  138  157  317
 143   -17.676    -7.936     7.295 1018  834  915 1063
 144    24.866     3.648    -1.851  262  567  675  578
 145    -4.132    -7.638     5.773  909  892  952 1030
 146   -12.391     6.075    -4.021  385  252  488  597
 147    17.956    12.452     6.601   67  272  314  215
 148    21.536    -3.151    -1.151  525  817  877  834
 149    23.262    -5.340     5.558  637  966  948  881
 150   -17.236     9.510    15.070  454  261  255  405
 151    -8.451    11.403     0.900  209  125  278  368
 152    -7.081    -5.969    -4.466  786  720  911 1009
 153    10.649   -13.206    18.118 1104 1280 1128 1144
 154    -8.717    10.509    -3.712  208  120  327  427
 155    -9.429     3.364    10.103  579  482  536  629
 156     5.073    -5.208     6.565  771  860  879  916
 157    -6.177     1.333    -1.006  542  478  663  736
 158    -7.278     1.326    -6.909  503  420  676  763
 159    16.513   -10.836    14.288  956 1200 1082 1075
 160   -17.093    -7.242     4.130  962  778  899 1050
 161   -12.183     6.057     3.477  450  306  455  564
 162    -7.090   -12.336     2.583 1058 1002 1098 1189
 163   -17.714    -0.692     9.338  785  588  660  791
 164    -7.286     3.953     2.871  486  400  551  634
 165   -10.620     6.327    17.316  545  427  392  489
 166    -4.814    -8.006     2.277  899  864  972 1058
 167    16.672     6.696    17.479  361  587  478  401
 168     7.070   -11.439    -2.018  904 1011 1114 1155
 169   -11.323     2.052    -7.845  493  361  644  748
 170   -17.455     6.709     6.878  484  287  399  539
 171    22.286    -8.930    -3.852  705  993 1083 1056
 172    17.134     6.073     2.155  252  460  563  487
 173     9.083    -8.680    16.013  944 1079  993 1001
 174     0.426    -0.131     8.032  619  663  692  738
 175    16.464   -13.923    16.110 1076 1320 1168 1169
 176     0.566    14.561    16.304  168  189  136  145
 177    10.905   -10.630    14.116  981 1151 1067 1079
 178     1.981    10.718     0.037  171  205  343  366
 179    -4.578     1.762   -10.523  446  388  680  754
 180     1.814    -7.232    -3.625  775  824  983 1034
 181     7.069   -14.295    10.192 1093 1223 1170 1210
 182    21.784    -7.711     9.901  783 1064 1006  958
 183    -1.737     4.095     5.521  472  454  557  603
 184   -15.060    -7.867    11.665 1039  891  903 1041
 185    -1.967    -1.116    -0.743  596  608  762  814
 186   -20.985    12.023     8.496  323  103  182  347
 187    -6.759   -12.717     5.922 1092 1040 1103 1192
 188    -3.312     3.664     3.706  480  446  572  626
 189    11.201     3.758     7.484  423  568  605  569
 190   -20.856     8.166    -5.546  348  127  379  549
 191   -18.393   -10.963    -0.829 1053  862 1046 1181
 192    -4.413    -5.424   -12.649  668  642  930 1015
 193   -14.875   -14.400    -3.296 1123  976 1159 1269
 194    -6.381    -0.969    -0.508  617  571  746  817
 195     0.661     9.763    -4.243  178  199  397  431
 196    -9.296    10.140     7.412  310  219  293  392
 197     4.344     4.920    18.599  511  592  493  496
 198    -7.395     6.148     6.239  444  354  458  535
 199    22.353     9.794     9.814  158  422  411  289
 200   -10.785    -1.155     5.055  713  611  707  815
 201   -21.592     6.703    -4.631  419  184  429  601
 202     1.035     7.787     6.184  326  338  420  459
 203    21.157     7.192     8.557  240  502  512  410
 204   -23.153     8.343    -4.854  364  116  361  542
 205    20.123    -3.145    10.154  618  916  847  788
 206    19.852    12.671     8.729   66  288  305  191
 207    14.153     7.397     5.375  246  423  491  438
 208   -12.693     5.160    -7.060  398  260  531  643
 209     0.254   -14.548    15.386 1183 1243 1153 1216
 210     7.518     4.691    -1.190  339  429  590  584
 211     7.089     1.458    -6.229  417  500  709  725
 212     7.317     2.297     7.729  500  613  634  638
 213     8.495     9.676    12.563  256  366  353  325
 214    -9.262   -16.094    14.283 1292 1227 1184 1268
 215    21.122    -9.855     7.163  837 1122 1081 1055
 216   -16.446    -6.426    -1.630  883  707  891 1035
 217    19.907   -10.607     4.968  850 1121 1100 1090
 218   -23.503     1.226     5.580  724  441  586  756
 219    12.564   -12.030     2.546  921 1097 1139 1152
 220    11.779     2.992     3.235  408  560  643  613
 221    -4.142    -4.430    20.080  919  906  797  857
 222     5.939   -13.007    13.337 1085 1201 1123 1162
 223   -19.586     3.216    10.534  649  433  508  666
 224    25.386    -9.434    -4.608  696 1024 1101 1071
 225    -3.872    -5.586    -6.169  737  709  914  993
 226     2.265    14.137     3.777   75  110  216  212
 227   -12.524   -11.458     6.734 1095  978 1056 1163
 228    19.166   -14.528    15.515 1068 1347 1195 1184
 229   -16.995    -4.136    19.978  992  816  755  874
 230    -2.521     4.292    -7.983  358  322  596  656
 231   -13.875   -12.918    -2.953 1070  941 1116 1233
 232    -1.134   -16.264     5.889 1175 1202 1222 1287
 233    -8.196    15.683     7.158  105   38  105  175
 234     6.305    -1.416    12.768  674  784  753  752
 235   -21.839    14.370     9.676  248   32   86  253
 236    -7.214    -1.215     5.582  699  633  723  805
 237    -6.588   -13.529     0.501 1078 1025 1145 1232
 238   -23.009     8.318     2.657  430  172  329  510
 239   -21.549    -6.383     0.043  926  693  869 1037
 240    -9.948     4.025    11.952  576  468  503  600
 241    -0.507     2.517    11.279  568  583  593  635
 242    12.463    -3.492    18.658  764  957  813  787
 243     7.086    -8.328    -4.907  770  884 1034 1069
 244    -5.278    -1.263     8.916  722  682  716  784
 245   -14.257     0.712     5.052  663  508  631  755
 246    10.825    -9.070    15.027  933 1099 1010 1016
 247   -12.497   -15.546    14.894 1303 1188 1156 1257
 248    -2.277     4.902    16.536  532  522  481  528
 249    -0.292     4.924    18.953  544  557  477  505
 250    16.745    10.442    -1.240   85  273  412  335
 251    -3.644    11.399    10.937  255  233  254  300
 252    -7.017    -0.320     9.196  693  632  677  759
 253   -19.765    -3.189    15.194  930  721  719  866
 254    10.079    11.634     7.042  142  265  310  269
 255    -4.004    13.973     2.733  110   75  200  248
 256    23.725   -11.786     1.084  836 1148 1154 1130
 257     1.305   -13.841     4.360 1067 1113 1157 1220
 258     1.088     9.258    -2.273  205  228  407  443
 259     8.883   -14.375    -1.077  995 1127 1203 1241
 260     9.275     1.483    13.371  561  704  651  640
 261   -24.466    -1.462    -8.565  698  409  734  900
 262     5.471     3.561   -10.698  312  375  656  678
 263   -11.187    15.899    18.766  206   95   36  111
 264    -0.620    12.371     0.959  134  133  271  302
 265     8.536   -16.954     9.317 1163 1315 1251 1286
 266   -22.220     7.190    -3.038  418  169  403  576
 267     0.913     2.224   -10.715  386  395  681  730
 268   -17.871    14.419    15.138  266   87   75  211
 269    -0.884     8.731    12.782  357  351  350  397
 270   -22.175    -4.625    -7.133  808  551  834  997
 271     7.443     6.418    -0.586  279  367  529  514
 272    23.060   -14.393     5.692  963 1281 1217 1196
 273    16.919    -1.175    17.760  631  896  761  703
 274   -22.623     9.326     1.414  379  134  302  484
 275   -18.881   -13.330    -1.980 1124  933 1115 1247
 276    10.077   -16.151     4.809 1090 1254 1242 1267
 277    12.432     2.416    17.280  537  725  616  574
 278   -21.780    -5.119    -7.916  814  570  850 1017
 279   -17.120    -0.229     1.238  686  491  671  809
 280   -11.549    11.371    -6.651  177   61  304  416
 281     5.582    -2.689    -7.478  557  645  848  872
 282     3.625    10.346    12.246  261  312  312  314
 283    12.121     7.432    14.338  337  490  445  400
 284   -21.105    10.434    10.200  401  166  226  403
 285    -3.465    -6.220    -4.091  768  749  933 1010
 286     5.046   -14.421    14.187 1148 1250 1160 1205
 287    23.094    11.472     3.398   46  302  375  254
 288   -20.661    -5.897     5.920  958  729  840  995
 289    22.628     9.028     3.440  136  391  468  352
 290    -0.209    14.641     8.781  111  118  162  183
 291    11.706     5.087    11.294  400  553  540  499
 292    14.620   -15.086     7.609 1055 1270 1216 1228
 293     0.070    12.957     6.932  152  163  227  251
 294   -15.873    -8.102    -3.657  917  750  966 1095
 295    -7.616     8.363    11.843  407  314  345  434
 296    -2.485    14.665    12.249  150  130  141  171
 297    -8.164     9.303    -6.595  222  143  391  482
 298    -2.862     4.128    12.955  536  513  522  570
 299   -22.715    11.149    -6.485  243   16  269  458
 300    -5.996    11.793    18.440  321  268  202  258
 301   -15.407    -1.818     3.379  750  591  730  854
 302    26.822     2.634    -5.070  260  595  732  621
 303    21.601   -10.904     2.530  831 1118 1120 1101
 304   -21.112    -1.435    -6.289  688  448  738  883
 305    -3.541    -4.789   -12.243  641  627  904  987
 306    -1.588    -1.343   -11.992  517  506  805  858
 307   -13.445    -9.870    -5.942  937  810 1038 1151
 308     0.488    -5.002     1.700  746  779  874  935
 309    -0.714    -4.762    15.431  868  897  827  877
 310    -6.458   -11.451    15.011 1129 1072 1049 1134
 311   -26.330    11.368    -3.091  288   17  230  446
 312    14.929    -1.113    -6.964  457  648  819  792
 313   -16.453    -7.197    -2.660  903  727  925 1066
 314    10.700     7.418    -0.965  220  343  502  477
 315    -1.398     1.144     7.284  583  599  653  705
 316    -3.593    -2.082    -8.896  578  546  811  875
 317     0.778     0.844    14.516  638  688  641  685
 318     1.654    -1.135    15.589  735  771  705  743
 319    -4.793    -1.422   -11.218  549  494  796  864
 320    26.052    -6.673    -3.559  595  950 1020  961
 321    -7.780    -8.886    -2.764  905  835 1008 1106
 322    -3.261     9.507    17.182  380  345  299  349
 323   -21.511     1.159    -7.013  587  346  639  794
 324     8.450    11.360     6.028  156  256  319  292
 325     7.033   -13.882    15.460 1126 1258 1147 1185
 326    25.526     7.864    -1.361  122  406  535  418
 327   -19.024    -2.834    -8.730  709  489  795  937
 328     1.733    10.217    12.876  287  311  308  321
 329    -1.602     5.089    -8.774  318  297  574  619
 330    -0.129   -14.067    18.252 1197 1249 1132 1190
 331    14.382    15.061     7.641   10  165  210  116
 332     9.172    -2.156    -4.082  546  681  830  838
 333     0.399    12.814     4.827  138  157  244  263
 334   -14.478   -11.838     0.846 1072  932 1076 1191
 335    21.766     1.216    -4.129  351  626  764  694
 336     6.982    10.661    12.501  235  316  313  290
 337   -21.072    13.981     6.277  233   25  116  282
 338     9.395    -5.369    18.461  855  999  861  865
 339    -8.835    -3.406     4.995  787  700  801  891
 340     5.247     3.091    14.680  540  630  576  580
 341    -8.924    14.202    13.869  215  126  120  195
 342    -2.182    -9.758    -4.293  884  888 1057 1127
 343    -8.283    -7.788    -8.176  822  742  991 1089
 344    23.835    11.939    -0.300    8  267  377  252
 345   -22.705     2.420   -13.039  508  257  619  776
 346   -15.015     8.072    -5.681  315  160  409  536
 347     8.308     4.584    -4.367  308  404  610  602
 348    -1.249    -7.193    -3.913  795  799  973 1042
 349    17.512    15.048    11.123   20  218  207   98
 350   -13.536   -16.211    14.007 1322 1199 1176 1283
 351    13.180   -14.817     3.091 1017 1213 1215 1237
 352    -4.730     1.094    19.879  732  697  598  670
 353    -3.747    11.221   -11.343  101   68  352  423
 354     7.501   -11.863    19.375 1089 1233 1080 1111
 355     1.453    15.021    13.918  124  151  131  132
 356    -9.508    15.945    17.608  190   91   41  110
 357    17.051    14.205     4.811    1  198  257  166
 358     1.689    14.467    15.372  155  192  151  150
 359    -0.526    12.799    17.576  242  251  189  203
 360     0.926     9.887    19.547  360  377  290  304
 361   -25.777     6.213    -7.287  445  159  444  641
 362   -20.075     5.020    -6.065  462  240  505  668
 363   -10.521    -9.056    -6.392  895  786 1015 1124
 364     0.781    11.280     8.012  216  237  288  306
 365     1.880     9.383    12.737  316  341  337  355
 366    18.533    11.060    15.619  182  398  324  223
 367    -1.776    -0.544    -9.078  514  499  767  824
 368    -6.886    14.496    12.429  186  117  125  190
 369   -15.833   -16.117    11.086 1313 1155 1175 1292
 370    -7.601   -12.452    -6.786  984  926 1125 1221
 371   -11.986    15.260    12.178  187   67   79  178
 372     9.705    10.756    -3.341   98  210  387  357
 373    13.766   -14.379     1.400  983 1183 1206 1225
 374    25.545     9.926    -1.249   56  329  465  329
 375    19.530     3.139    14.835  452  719  622  537
 376   -16.180   -16.205    13.306 1329 1177 1172 1289
 377   -22.641    -9.219    -7.308  969  723  998 1148
 378    -0.015     5.747    -7.169  293  296  547  593
 379    19.110    -8.820    -3.645  728  977 1073 1059
 380    21.811   -13.560    -2.285  879 1171 1208 1194
 381    -0.362    -4.769     4.954  778  795  857  918
 382    -3.329    16.478    17.845  132  108   48   79
 383   -10.502    10.145    13.942  378  266  263  360
 384   -18.257    -3.610   -10.802  716  505  823  972
 385    -1.075     2.356    13.411  585  614  591  631
 386     7.050    -1.028    15.574  680  802  725  729
 387     4.651   -11.989    18.575 1107 1205 1079 1120
 388   -10.962    -6.179     1.778  865  760  883 1002
 389    16.160     8.089    -3.571  153  323  509  449
 390   -22.274    -0.091    -0.965  702  440  662  822
 391    18.575    10.635    14.537  189  403  348  245
 392    14.138    -7.661    -5.709  690  895 1029 1032
 393    -0.490   -13.751    18.158 1189 1237 1119 1186
 394    11.527    10.639    -0.820  112  244  388  342
 395     1.087    15.621     9.979   79   97  127  130
 396   -14.125   -14.648     9.801 1231 1095 1141 1250
 397   -14.976    13.595    18.332  307  155  102  220
 398     5.137     7.838    19.968  413  484  376  376
 399     4.492    15.891    15.954   89  154  108   85
 400    -0.446     9.761     9.470  291  290  328  364
 401    15.543    -3.905    -4.430  564  770  901  887
 402   -17.259   -15.377    -3.505 1167  989 1188 1313
 403    -2.613     5.203     7.240  456  424  504  557
 404    10.914     0.488    -7.866  415  544  766  753
 405    -4.614    10.638    -3.190  188  142  335  409
 406   -21.203    -8.505     1.646 1012  777  947 1102
 407   -12.590   -10.471     2.111 1028  911 1036 1142
 408    -5.088    -4.448    16.087  897  859  807  873
 409   -26.314     5.107     0.815  552  254  451  649
 410    -4.085     2.394    15.314  620  610  571  628
 411    17.100     7.774    19.133  331  556  428  336
 412    17.315    15.810    13.496   11  207  165   68
 413     5.645    14.615    12.805  108  178  167  141
 414     3.654    11.088    -5.101  106  152  358  373
 415   -23.333   -15.192    -0.996 1216  975 1158 1310
 416    20.146   -15.540    14.620 1088 1374 1225 1218
 417     3.016     3.967   -11.689  302  336  632  675
 418    14.959    -1.581    -6.280  473  671  832  813
 419    -4.790     8.026    10.658  390  333  373  448
 420    14.381     9.957    18.476  257  444  339  259
 421   -24.769    -0.204    -4.982  679  393  668  844
 422    11.274    14.496    15.656  103  241  183  107
 423   -11.571    16.844    12.305  123   13   33  109
 424   -16.573    -3.477   -12.226  683  493  829  967
 425     8.239    11.173    -4.730   83  171  369  354
 426    15.735     1.496    -6.905  355  542  749  708
 427   -13.769   -10.716    -5.293  977  844 1061 1178
 428    10.428   -17.150    15.378 1202 1375 1248 1270
 429    22.991     2.252    -3.905  304  600  728  645
 430    -0.664    -5.279    13.728  874  900  849  904
 431    -2.080    -6.283    -9.737  717  715  958 1031
 432     1.883     4.452    15.640  518  559  517  534
 433   -16.817   -17.007    19.602 1391 1257 1183 1305
 434     7.208    10.970    18.606  268  364  275  250
 435   -18.099     8.902    -7.822  286   99  372  525
 436     9.964     9.761     0.408  160  276  410  383
 437   -20.608     1.737   -16.134  492  269  659  810
 438   -13.892   -10.380    -5.418  968  829 1051 1165
 439    21.553    -1.591   -10.024  404  676  859  811
 440    -4.519    12.145   -11.399   71   35  317  390
 441   -25.189    -4.367    -9.869  800  504  826 1006
 442    -2.146    -7.888    -4.096  818  821  997 1068
 443   -26.038    -8.095    -8.613  934  655  953 1126
 444    -0.129    -7.997    -7.827  781  798 1013 1081
 445     3.569     5.207     9.872  438  486  519  526
 446     1.965   -17.674    18.082 1306 1366 1239 1301
 447     4.113     1.360    -8.101  424  472  712  739
 448    25.693    -0.409    -6.651  365  687  824  746
 449    -2.819    -7.107    16.162  971  968  895  968
 450    -0.037   -18.047    19.428 1339 1380 1245 1315
 451   -16.845   -15.785     6.349 1262 1084 1174 1299
 452     8.534     8.337    -4.000  184  280  475  465
 453    -6.905   -10.625    -7.215  916  858 1077 1168
 454     1.696     8.699    13.481  347  373  359  388
 455    25.555     0.745    -6.209  329  651  792  706
 456   -13.986   -15.848     2.164 1206 1061 1197 1309
 457     8.072     8.056    13.815  332  436  408  393
 458    15.146    -7.466    -6.626  667  887 1027 1029
 459    17.208    11.531    16.589  180  383  303  200
 460     8.651   -15.399    -3.011 1011 1144 1233 1266
 461    10.392     2.365    19.265  573  731  607  571
 462    23.427     5.917    -7.369  162  418  621  521
 463    -1.104    13.849    -7.538   25   23  256  291
 464   -17.080    -0.092   -15.336  543  344  731  859
 465    10.301   -14.228    -5.142  943 1085 1212 1243
 466    16.892    -9.527    -8.859  718  948 1096 1100
 467     3.970    -7.203    -6.838  738  805  999 1040
 468     2.196    -0.798   -10.641  487  516  790  829
 469    -1.135    15.528    -1.908    9    4  174  198
 470     2.406   -14.062    -9.830  950 1007 1201 1254
 471    11.232    16.248    16.564   43  182  111   55
 472    20.844     2.046    -7.891  294  543  748  684
 473    17.465    13.139    18.087  133  332  239  129
 474    18.114     2.666    -8.714  284  497  710  672
 475    -8.379     0.562    -9.989  510  414  704  797
 476   -15.567     4.817     7.501  550  370  474  606
 477    15.023     5.857    -8.425  202  362  600  554
 478     4.567     4.733   -10.665  275  319  611  627
 479    23.456    -6.223    -8.897  560  865 1014  970
 480     0.849    11.880   -10.168   62   74  341  377
 481     7.389    10.637    -0.919  131  222  370  359
 482    -9.752     9.868     1.147  271  173  326  433
 483     8.670    -8.002    -7.874  729  850 1037 1065
 484    -8.810    -6.037    -6.636  779  690  919 1024
 485    -4.957    -1.946   -15.640  530  476  818  901
 486   -11.671     6.995    -5.569  338  217  462  566
 487    17.164     0.935    -7.991  359  564  770  728
 488    -1.028    -6.200   -14.462  657  674  971 1039
 489    17.186     5.028   -10.612  199  386  638  590
 490   -19.244   -12.914   -12.758 1027  823 1131 1256
 491     7.970    11.025    -8.963   59  145  398  385
 492     5.895     3.937   -13.577  273  337  652  676
 493     8.582     3.975   -13.357  253  355  661  665
 494    13.009   -15.316    -5.775  959 1142 1247 1263
 495   -12.713   -11.211   -10.053  947  826 1090 1197
 496    17.807    -1.023   -11.014  399  623  837  800
 497    13.821     3.477    -9.138  278  439  673  648
 498     7.735    12.740    -7.836   17   94  323  305
 499    16.066     0.370   -12.104  349  538  798  764
 500    20.008     7.047   -10.498  117  324  581  501
 501    13.387    -3.518   -12.053  504  684  908  903
 502   -23.093    -7.045   -13.482  841  589  940 1103
 503     4.396     5.453   -13.958  230  277  602  612
 504    -3.049    -4.749     5.150  796  780  852  922
 505    10.181     3.850   -12.635  254  374  665  660
 506   -23.510     5.540   -12.268  406  156  500  683
 507    -1.252   -10.724   -12.464  840  848 1102 1175
 508    12.990     1.539   -15.146  301  450  765  740
 509    -0.263   -14.798    -8.860  999 1021 1214 1277
 510     8.503   -15.251    -6.357  978 1107 1236 1271
 511     6.355    -7.722   -15.472  653  759 1043 1083
 512    -8.775    -9.465   -15.812  815  732 1062 1156
 513    23.115   -10.337   -12.385  670  974 1144 1125
 514   -22.401     8.371   -13.061  290   63  405  572
 515    -6.461     3.119    10.892  577  511  554  625
 516    14.949    -7.752   -16.103  597  804 1066 1070
 517    -3.180    -8.667     7.993  954  951  979 1062
 518    -3.956     6.235   -16.199  232  204  555  614
 519   -11.277    -7.824   -15.009  789  669 1003 1115
 520    16.054     2.463   -13.027  267  451  737  698
 521    22.006     9.659   -12.832    4  236  510  415
 522    17.349    11.937     9.177  104  303  318  226
 523   -24.494    -2.260    -2.196  780  492  744  909
 524     3.396   -13.059   -11.498  902  962 1178 1236
 525   -21.061   -14.904    11.390 1310 1074 1126 1259
 526    18.788    -1.268   -15.242  369  605  858  826
 527   -20.237     7.790   -16.158  272   70  440  605
 528    -1.805    -1.664   -16.446  499  477  822  890
 529    19.567   -12.042   -10.469  772 1027 1180 1180
 530    19.239    -3.548   -14.115  459  699  938  899
 531    18.916     5.251   -15.123  148  348  655  595
 532    16.211     8.487   -14.962   58  230  534  483
 533   -12.646    -7.351    15.251 1036  921  876  996
 534    19.121    -6.635   -16.841  531  776 1045 1018
 535    23.337    -4.575   -15.956  453  738  989  934
