528
   1    -8.139    -2.179    -3.830  655  575  771  849
   2    10.323    -0.749    11.153  611  773  739  707
   3    -4.845    -8.044     2.308  899  868  962 1039
   4    -6.069    -4.797     7.240  833  787  824  899
   5    16.072     3.221     2.908  371  577  640  579
   6    14.147     0.403     3.017  485  682  737  692
   7    -8.092     0.425    -4.115  565  464  679  758
   8    -2.528     7.564    18.083  458  436  361  410
   9     1.785    -1.968     3.044  637  695  769  798
  10   -11.621    -0.314    15.576  785  666  629  724
  11    -9.395     3.232    10.095  588  479  533  613
  12    -4.944    -2.063    -7.400  599  552  790  851
  13    -3.832     0.334    -0.145  575  533  682  743
  14   -15.910     6.176     9.329  518  329  404  525
  15    -7.414    -3.023    -3.991  681  616  801  881
  16   -11.871     1.737    12.307  680  542  573  671
  17   -11.380     2.434    11.939  643  518  556  649
  18    -5.642     8.274     0.458  295  248  400  470
  19   -11.491    -0.448     0.077  648  519  685  782
  20    17.645     1.476    10.271  484  730  673  603
  21   -13.408    -1.269     3.137  730  572  700  806
  22    21.678     2.096    -1.998  339  614  708  629
  23    -6.603     9.143    17.009  414  335  291  363
  24    -5.401    -4.408    -6.533  702  657  855  934
  25    14.474    -8.709     2.209  799  994 1029 1022
  26   -10.076     3.841    18.014  630  529  479  558
  27    20.251   -10.592     7.775  864 1146 1079 1062
  28     0.159    -1.555     1.427  623  654  758  794
  29   -12.388     5.994    -3.923  391  256  480  580
  30    16.133    -7.884    17.513  886 1120  965  930
  31    -7.106   -12.346     2.598 1056  999 1081 1167
  32   -22.199     7.071    -3.009  423  178  399  559
  33    14.413     4.411     9.491  393  586  574  508
  34    12.588    -5.734    15.371  810 1003  881  864
  35   -16.666    10.553     3.817  308  136  258  399
  36    -9.307    -6.474     7.047  909  832  873  967
  37    -3.734    -7.136    10.008  919  916  905  968
  38    17.224   -12.618     6.546  940 1185 1134 1127
  39    -7.237     7.599    17.202  474  394  345  426
  40    16.058    -6.777     9.130  777 1002  952  920
  41    14.955     2.068    -2.805  373  556  688  659
  42     7.055   -14.357    10.218 1100 1220 1154 1189
  43   -12.735     5.075    -6.895  403  264  523  626
  44    15.227    -2.552    12.105  654  883  798  750
  45     4.950    -8.566     8.593  907  993  986 1014
  46    -9.008     2.292    18.572  695  612  536  609
  47    -4.797    -1.733    -2.994  621  592  763  825
  48    18.915    -6.821    10.224  770 1033  956  910
  49    18.634    -5.148    -0.220  618  884  936  886
  50    -3.888    -5.576    -6.217  742  710  901  971
  51   -16.749    -3.981     4.797  848  675  779  901
  52   -13.991    -1.954    18.003  874  735  671  775
  53   -17.922    -0.278     8.270  753  550  637  760
  54   -16.720     5.817    18.197  605  417  372  506
  55    11.831    -6.051     2.949  741  903  939  924
  56     3.524    -5.492    -3.004  719  777  911  940
  57    -4.136    -8.377    13.414  991  978  943 1007
  58     1.845   -14.871    -5.210 1019 1057 1194 1243
  59    10.921    -9.422     0.575  827  984 1048 1065
  60   -16.537    -8.766    12.241 1082  921  923 1055
  61     6.774   -10.479     4.950  922 1038 1060 1084
  62    -3.164     3.369     0.551  468  433  584  639
  63    13.671   -12.922     7.998  987 1190 1130 1140
  64     5.158     7.850     2.417  254  327  448  449
  65    -6.967    -0.408     9.200  707  634  667  742
  66   -17.402     2.739    17.318  739  520  496  625
  67    -6.473    -1.965    -3.623  632  582  767  837
  68     6.927    10.514    12.580  234  324  308  285
  69   -20.211     0.612    10.847  762  524  589  731
  70    -7.260     1.236    -7.040  510  420  665  744
  71    -2.688    -3.846    18.099  867  873  770  821
  72    -6.810   -12.771     5.951 1098 1042 1087 1169
  73   -11.565     6.249     1.669  425  293  451  544
  74    14.995     3.100    13.050  467  676  607  542
  75    21.501    -3.145    -1.197  529  819  866  808
  76   -15.462    -1.913     3.317  755  595  724  833
  77    -4.736   -11.827    12.570 1112 1078 1055 1120
  78   -12.308    -1.342     3.731  729  596  704  802
  79    19.867     2.280    10.662  451  718  659  568
  80     6.531   -12.448    11.231 1048 1163 1092 1126
  81   -12.688     9.270     1.274  310  184  327  451
  82   -14.195     7.470     8.004  456  284  362  484
  83   -14.334     0.688     4.946  672  509  625  737
  84     1.285   -13.898     4.476 1073 1117 1142 1198
  85     7.832     5.407     7.094  378  469  528  502
  86     9.320     1.598    11.647  539  689  646  619
  87     0.458    -0.317     8.043  628  671  689  725
  88   -13.332     4.528    11.013  579  422  469  574
  89    -3.391     9.368     2.877  255  240  352  413
  90   -17.243     9.503    15.075  457  263  248  390
  91     1.427     4.792     1.399  394  410  552  565
  92   -10.502     6.278    17.452  548  429  386  477
  93   -17.116    -7.276     4.192  963  783  890 1031
  94   -19.658     3.237    10.462  657  430  498  646
  95   -21.115    -1.537    -6.323  699  446  732  866
  96   -18.214     9.916     3.867  348  151  273  430
  97   -14.244     1.809     4.244  615  452  592  701
  98    11.767    -4.275     0.260  631  813  876  873
  99     1.185    -0.231     7.301  617  663  692  720
 100     7.418   -12.238     5.606  984 1101 1106 1135
 101    -6.990     8.441     0.742  298  239  391  467
 102     7.347     2.212     7.742  504  613  627  617
 103     5.032   -14.513    14.241 1151 1250 1147 1184
 104     8.472    11.265     6.016  151  262  315  283
 105     9.531    -5.956     5.444  754  911  919  915
 106   -17.700    -0.669     9.232  783  584  649  769
 107    -5.180    -1.393     8.896  733  687  715  767
 108    -1.739    -0.601    -9.126  519  501  756  800
 109    -9.365   -16.112    14.385 1296 1219 1167 1249
 110    25.381    -9.383    -4.685  694 1024 1080 1051
 111   -11.086    10.762     8.060  299  201  252  352
 112    11.832     3.063     3.293  407  555  628  593
 113   -17.708    -7.883     7.315 1015  836  899 1043
 114    14.684     7.515    -0.765  199  370  507  448
 115   -10.010    -7.977     6.973  964  881  932 1034
 116    -9.410     5.545     9.179  503  392  454  535
 117    14.106    -8.424    -0.712  763  964 1027 1025
 118   -17.426     6.608     6.780  490  289  393  522
 119   -11.362     2.010    -7.921  496  367  634  730
 120     8.610     0.832    -2.466  463  571  721  709
 121   -21.119    10.376    10.101  402  171  222  395
 122     1.604    -5.783    -5.759  718  752  929  964
 123    -8.220    15.541     7.173  106   37  104  170
 124    11.048   -10.748    14.152  983 1153 1054 1067
 125    18.539     5.070    -2.576  238  459  605  523
 126     1.938    10.729     0.022  163  206  333  353
 127   -13.946     3.505    18.976  684  525  473  582
 128   -16.716    10.458    14.613  410  231  219  349
 129    -1.264   -14.732    10.979 1171 1188 1149 1213
 130    -6.195    -6.766     7.649  908  863  892  969
 131    11.751   -12.158    11.691 1005 1183 1096 1112
 132    21.890    -7.692     9.816  779 1065  990  936
 133   -10.336     8.833     4.115  342  234  342  447
 134   -11.567    12.298     1.081  197   78  227  328
 135     7.502     4.810    -1.094  331  423  578  557
 136     3.792     4.574     8.040  445  489  538  539
 137    -5.248     1.287     3.426  580  521  639  703
 138    -1.666     3.940     5.594  476  457  559  586
 139     0.492    -5.108     1.572  749  784  868  921
 140     0.755    11.016     7.804  214  246  285  305
 141    -4.619     1.782   -10.494  441  386  669  735
 142    19.209   -12.449    12.063  969 1248 1123 1108
 143     0.483    12.647     4.878  136  159  242  260
 144   -13.863   -12.808    -3.005 1065  936 1097 1206
 145   -20.357    11.514     7.598  330  112  200  356
 146   -13.386     3.308    11.741  620  466  511  614
 147    20.188    -3.258    10.138  626  922  836  770
 148    17.092     6.074     2.044  247  453  557  474
 149    -0.254     4.709    18.895  555  566  477  499
 150     5.174    -5.228     6.556  771  866  871  893
 151   -17.911    14.360    15.220  266   87   73  199
 152    -3.238     3.549     3.694  486  447  570  608
 153    15.739     5.485     7.901  327  526  547  475
 154     0.209   -14.666    15.506 1191 1241 1136 1196
 155    -8.381    12.587    14.929  272  207  170  241
 156    10.980   -10.522     3.257  891 1045 1071 1082
 157    -7.769    16.140     6.180   70    8   92  153
 158   -10.857     2.256     4.538  584  458  586  681
 159    10.046   -16.052     4.811 1088 1247 1222 1242
 160     7.909     4.351     9.365  433  537  561  528
 161    11.352     3.766     7.524  419  568  594  549
 162    -3.613    -2.166    -8.934  585  545  799  855
 163   -11.623    11.301    -6.429  171   60  294  408
 164   -20.709     6.416     9.503  537  301  373  529
 165   -11.354    -0.858    -4.347  619  496  728  817
 166    -8.467    11.391     1.052  204  128  269  355
 167    -7.240     3.966     2.797  488  401  543  607
 168     2.308    14.020     3.775   69  109  212  208
 169    22.289    -8.890    -3.938  711  990 1066 1036
 170     4.627    15.784    15.910   87  154  106   82
 171    -6.152     1.333    -1.056  540  468  654  715
 172   -15.096    -7.815    11.635 1036  888  891 1016
 173    12.897     7.658     7.814  259  425  462  409
 174     1.060    -0.085    -0.706  553  583  726  746
 175    -0.883   -14.583    15.345 1193 1229 1133 1195
 176   -15.880    -8.134    -3.676  915  754  953 1074
 177     6.691     0.883     4.301  523  628  678  687
 178    14.664   -15.179     7.551 1054 1270 1201 1207
 179    14.319     7.493     5.417  239  419  482  422
 180    12.249   -12.285     5.731  955 1136 1115 1129
 181    12.580   -12.016     2.555  917 1097 1116 1130
 182   -20.288    12.001    12.847  358  138  155  309
 183    10.115    11.538     7.047  134  267  304  263
 184    -8.991    13.957    13.748  213  134  126  190
 185   -23.587     1.121     5.477  734  438  580  740
 186    12.487    -3.626    18.677  773  962  804  768
 187    -5.853    11.574    18.360  324  273  206  255
 188   -18.367   -10.863    -0.800 1049  861 1028 1155
 189   -17.874     3.958    12.562  629  431  468  595
 190    21.174    -9.804     7.091  832 1122 1064 1035
 191     8.054     7.696     6.622  283  387  445  425
 192   -11.688    11.411    16.513  357  236  193  291
 193    -8.259     9.286    -6.298  217  141  384  469
 194    -0.641    12.294     0.946  125  135  265  294
 195    -7.868    -8.443    10.627  997  941  945 1033
 196    16.762     5.652    -0.698  241  445  575  501
 197    16.933    -1.223    17.877  642  900  748  685
 198    -9.371     9.988     7.418  316  228  290  385
 199     1.069     7.571     6.235  333  342  420  452
 200     1.053     9.289    -2.313  200  229  398  427
 201    -4.843    -1.451   -11.134  551  492  781  843
 202    -1.063    14.265     1.950   66   70  196  218
 203   -20.922     8.134    -5.496  354  129  371  530
 204    26.106    -6.657    -3.620  601  949 1005  937
 205    11.094    -6.628    -1.545  724  877  966  962
 206    11.646     5.112    11.247  399  543  531  487
 207    -1.176   -16.331     6.008 1178 1203 1206 1266
 208   -16.869    -4.065    20.089  986  818  742  850
 209    -7.052    -5.979    -4.348  784  725  898  986
 210    -3.995    13.919     2.874  105   74  191  234
 211     8.070    -8.460     1.386  818  950 1006 1032
 212   -14.556    -8.539     6.547 1008  867  941 1063
 213     7.427     6.555    -0.510  269  369  513  494
 214     9.415    -5.645    18.439  857 1009  859  852
 215     4.390     4.782    18.553  517  600  494  488
 216   -21.570     6.581    -4.557  424  190  422  584
 217    -9.961     3.918    12.015  583  465  503  583
 218    -5.712    -0.920    -1.789  606  558  741  796
 219   -10.747    -1.043     5.037  720  606  693  788
 220     1.758   -13.564     5.453 1063 1116 1131 1182
 221   -20.202     4.969    -6.060  466  238  499  652
 222     0.559    14.359    16.222  167  196  142  140
 223   -19.687    -3.073    15.218  924  722  702  839
 224     5.985   -13.108    13.416 1090 1204 1109 1144
 225    10.984    -9.208    15.093  938 1106 1000  996
 226    -8.669    -9.548     3.034  972  909  994 1088
 227    21.666   -10.859     2.481  826 1112 1101 1076
 228    -4.273    -7.711     5.808  910  896  944 1011
 229    10.699   -13.276    18.257 1106 1287 1112 1125
 230   -12.618    -6.987     6.843  942  831  883  994
 231    -4.501    -5.449   -12.623  677  638  920  992
 232    -1.899    -1.222    -0.805  604  610  754  795
 233    -4.286    12.755    -6.812   74   44  268  327
 234   -21.030    11.967     8.506  323  101  174  334
 235    18.019    12.554     6.670   58  270  301  196
 236    -2.509     4.317    -8.029  356  323  587  637
 237    -2.125    -5.464   -12.376  666  661  926  985
 238   -22.365    -0.226    -0.879  715  439  657  801
 239     6.278    -4.194     3.400  706  803  849  867
 240    24.878     3.765    -1.805  252  560  661  551
 241     4.323    -5.364     5.756  775  856  875  904
 242    -2.330     4.696    16.472  544  527  481  514
 243     8.876   -14.343    -1.014  989 1127 1186 1216
 244     6.207    -1.601    12.674  685  790  746  739
 245   -12.540   -11.396     6.747 1094  973 1036 1138
 246     8.319     4.667    -4.285  303  399  596  576
 247    17.087     7.581    19.204  340  565  427  336
 248    -7.356     5.932     6.271  453  368  460  519
 249   -14.904   -14.265    -3.299 1122  972 1138 1244
 250   -19.048    -2.911    -8.789  722  488  783  918
 251    16.700    10.461    -1.319   75  271  405  324
 252    -6.549   -11.573    15.096 1136 1082 1034 1115
 253     3.617    10.101    12.345  268  315  312  310
 254    -0.346    -5.006     4.883  789  807  853  905
 255    -3.507    -2.843     0.078  683  667  795  847
 256     7.057   -14.002    15.536 1131 1254 1132 1162
 257    12.108     7.269    14.367  345  494  443  394
 258     0.650     9.804    -4.236  169  194  387  418
 259    -6.560   -13.523     0.515 1076 1027 1125 1208
 260    -7.897    -4.296     7.129  824  759  806  887
 261    22.591     9.125     3.381  120  390  459  337
 262    -8.793    10.532    -3.421  203  119  318  414
 263    19.944   -10.602     4.821  843 1121 1082 1071
 264   -12.571   -15.610    15.005 1305 1187 1139 1236
 265    -7.859     8.165    11.986  418  320  343  429
 266   -15.687     1.158    15.835  752  590  568  688
 267    16.605   -10.905    14.318  952 1200 1068 1059
 268   -13.615   -16.299    14.142 1330 1202 1163 1260
 269   -16.510    -7.264    -2.715  904  731  917 1053
 270   -10.406    -9.110    -6.415  896  794 1004 1104
 271    -2.540     5.042     7.327  464  432  506  541
 272    25.559     8.003    -1.297  113  402  524  398
 273    -4.622    10.693    -3.047  176  139  323  392
 274    25.560    10.089    -1.256   40  326  450  311
 275    19.812    12.697     8.758   61  286  292  181
 276    -1.629    -1.335   -11.965  521  504  789  836
 277   -20.705    -6.106     5.962  962  740  828  978
 278   -17.461     9.185    -3.779  300  121  336  480
 279    23.062    11.599     3.347   36  299  364  239
 280   -21.669    -6.473     0.048  926  696  860 1024
 281    -7.602    -8.874    -2.795  901  840  991 1079
 282   -18.889   -13.180    -1.992 1123  929 1091 1221
 283   -23.029     8.243     2.563  430  177  322  500
 284   -10.670     9.981    14.054  383  269  256  354
 285     5.697    -2.651    -7.490  561  643  829  848
 286     1.562    -1.377    15.573  744  781  707  732
 287    21.112     7.288     8.541  230  493  497  393
 288    -4.011    -4.613    20.172  921  917  787  841
 289    -0.200    14.468     8.642  108  118  162  178
 290    19.126    -8.813    -3.756  732  974 1058 1038
 291    12.992     1.120     6.412  494  678  683  661
 292    23.323    -5.200     5.412  633  961  931  853
 293    16.514   -13.866    16.163 1071 1325 1148 1143
 294     5.439     3.653   -10.648  305  374  642  656
 295    11.530    10.704    -0.764  100  241  377  329
 296     9.244    -8.837    16.089  948 1092  985  983
 297    -8.757    -3.313     5.020  781  701  780  860
 298    -2.211   -17.335    11.829 1266 1286 1218 1287
 299    23.731   -11.798     1.019  834 1145 1135 1111
 300     8.152     7.868    14.076  346  444  406  384
 301    -0.027    12.837     6.843  150  165  225  243
 302     1.230    15.325     9.803   77  106  135  131
 303     9.677    10.908    -3.239   86  210  368  341
 304    20.193   -15.404    14.661 1084 1376 1202 1191
 305    22.283     9.900     9.797  143  414  403  275
 306    12.413     2.247    17.226  545  732  614  562
 307    23.092     2.357    -3.861  297  597  714  621
 308   -21.856    -5.191    -7.966  813  570  839  998
 309    -9.447    15.776    17.586  188   95   47  108
 310   -12.351   -13.571     5.840 1159 1039 1100 1205
 311    -7.175    -1.168     5.627  697  631  712  779
 312   -16.735   -15.844     6.352 1263 1091 1157 1271
 313    -1.164    -7.151    -3.988  792  800  959 1019
 314     1.881    -7.224    -3.608  776  828  967 1013
 315     3.679    11.195    -5.014   94  149  346  357
 316    16.652     6.643    17.579  363  593  471  387
 317    -0.153   -14.269    18.410 1207 1249 1120 1174
 318    -0.426    12.592    17.445  240  257  188  202
 319   -10.843    -6.087     1.819  860  760  872  973
 320    13.822   -14.295     1.355  973 1176 1188 1199
 321    -6.955    14.205    12.413  192  124  129  187
 322   -26.333     4.978     0.856  560  258  449  636
 323    23.777    12.066    -0.364    1  259  365  235
 324    -0.559     2.285    11.347  582  598  595  620
 325    16.111     8.131    -3.642  139  321  500  433
 326   -24.400    -1.557    -8.557  709  416  727  883
 327    14.450    15.047     7.623    6  167  205  107
 328    -8.462     0.503   -10.104  514  415  698  780
 329     0.917     2.269   -10.563  389  396  670  706
 330     7.091    -8.216    -4.937  764  882 1015 1046
 331   -22.653     9.305     1.328  376  132  293  471
 332   -14.392   -11.709     0.827 1062  928 1062 1164
 333   -17.136    -0.411     1.211  700  498  664  793
 334    23.116   -13.082    -0.947  862 1171 1181 1156
 335    -3.767    11.069   -11.280   96   66  349  415
 336   -11.123    15.708    18.787  205   99   40  111
 337    26.954     2.757    -5.025  249  591  716  596
 338    -2.036    -7.832    -4.142  811  823  982 1047
 339    -8.529     3.759    13.841  593  507  508  577
 340   -21.933    14.278     9.742  248   32   87  242
 341    21.863     1.314    -4.082  349  625  751  669
 342   -21.174    13.837     6.254  232   26  117  276
 343    -3.364    16.211    17.856  130  113   52   83
 344   -13.651   -10.677    -5.388  970  842 1045 1154
 345     2.975     4.005   -11.504  302  333  624  651
 346     9.376     1.236    13.287  571  716  653  628
 347    -6.427    -0.878    -0.547  622  562  734  791
 348   -17.621    10.118     0.440  301  120  283  437
 349    22.871     8.902     7.165  160  434  452  325
 350     5.312     7.731    19.932  416  485  379  372
 351    -0.728    -5.024    15.528  879  905  822  871
 352    15.088    -0.968    -6.964  452  639  805  763
 353   -14.136   -14.677     9.848 1238 1096 1124 1226
 354    19.205   -14.407    15.587 1064 1351 1174 1159
 355    21.065   -13.271    -5.713  841 1123 1189 1173
 356     1.031     9.636    19.493  367  388  288  304
 357     4.688   -12.188    18.643 1116 1211 1070 1103
 358   -13.990   -15.739     2.204 1202 1061 1175 1277
 359    -1.316     0.955     7.281  591  607  650  694
 360   -23.152     8.210    -4.819  369  116  360  526
 361     7.017   -11.351    -2.000  900 1008 1094 1131
 362   -16.534    -6.518    -1.708  885  711  882 1018
 363     8.465     9.536    12.712  256  375  348  318
 364     1.067    -7.318    -5.135  774  809  975 1027
 365     4.255     1.371    -8.104  422  463  701  717
 366    -8.832    -6.161    -6.446  787  700  910 1001
 367   -26.353    11.230    -3.144  286   22  230  435
 368     7.554   -12.022    19.475 1097 1232 1069 1092
 369     7.394    10.823    -0.791  117  218  354  338
 370    18.491    10.863    15.681  178  405  321  217
 371   -17.319    -3.527    -1.478  791  601  785  913
 372    23.112   -14.335     5.677  954 1280 1197 1172
 373   -12.623   -11.270   -10.195  944  830 1074 1176
 374    -3.133     3.640    13.021  564  531  529  569
 375    -1.583     5.162    -8.741  309  297  567  597
 376    10.680     7.522    -0.854  211  339  493  459
 377    18.577    10.539    14.615  186  409  340  236
 378     1.781     4.073    15.538  532  574  520  527
 379   -23.284   -15.209    -1.138 1215  975 1144 1285
 380    17.628    15.093    11.226   14  217  195   89
 381    15.220    -7.317    -6.703  669  880 1010  995
 382    -0.500     9.473     9.357  292  298  329  371
 383    -3.595    11.109    10.804  260  242  254  303
 384     7.203     1.480    -6.163  417  503  699  704
 385    14.349     9.829    18.721  258  448  331  257
 386   -24.854    -0.399    -4.898  693  398  663  830
 387     9.237    -2.085    -4.033  542  679  815  811
 388   -16.191   -16.379    13.386 1341 1178 1160 1267
 389    -7.490   -12.477    -6.828  981  927 1110 1197
 390    -0.517   -13.957    18.314 1197 1237 1108 1165
 391     0.675     0.538    14.500  662  699  645  674
 392    25.804    -0.244    -6.622  359  686  808  718
 393   -22.769    11.170    -6.432  237   14  259  440
 394    19.446     2.989    14.883  461  727  616  518
 395     1.742    14.317    15.260  155  195  150  143
 396    -3.065     9.310    17.116  385  354  296  343
 397    -3.363    -6.129    -4.128  766  750  921  981
 398    -0.634    -5.560    13.784  884  913  842  891
 399     5.667    14.423    12.878  111  192  166  138
 400     9.999     9.902     0.524  144  272  396  361
 401   -22.716    -9.233    -7.426  966  726  984 1124
 402    -5.063    -4.793    16.129  906  876  802  872
 403     1.831     9.060    12.694  321  352  341  359
 404    15.859     1.622    -6.924  353  538  735  684
 405    -4.826     0.818    19.966  745  705  601  662
 406    -2.473    14.353    12.256  158  140  145  171
 407    10.999     0.598    -7.925  408  539  753  729
 408     8.497     8.482    -3.922  172  277  463  443
 409   -18.339     9.014    -7.768  280   91  358  504
 410     5.173     2.621    14.596  562  649  583  581
 411    -5.047     7.765    10.713  405  341  376  442
 412    15.634    -3.835    -4.426  566  775  887  859
 413   -15.155     8.133    -5.534  311  153  397  515
 414   -17.252   -15.254    -3.380 1163  988 1166 1284
 415   -12.110    15.100    12.324  187   65   81  173
 416   -21.354    -8.650     1.611 1018  786  940 1083
 417    17.459    15.809    13.619    7  212  160   60
 418   -21.593     1.085    -7.016  595  347  630  776
 419    -0.987     8.431    12.589  368  363  353  396
 420     1.634     8.338    13.412  364  385  363  386
 421     5.391    13.231    -2.417   34  105  267  258
 422    -2.105    -9.742    -4.319  880  890 1038 1105
 423    -8.259    -7.896    -8.055  822  749  979 1072
 424   -22.246    -4.722    -7.159  805  553  823  976
 425     1.681     9.923    12.765  291  314  309  321
 426   -25.847     6.058    -7.134  454  162  439  624
 427    -5.626    -7.493    -8.914  794  742  973 1057
 428    15.096    -1.465    -6.232  469  669  818  781
 429   -15.780   -16.274    11.127 1317 1158 1164 1270
 430    10.420   -17.079    15.348 1201 1379 1228 1246
 431    -2.736    -7.390    16.242  977  976  895  956
 432     8.651   -15.199    -2.822 1001 1135 1211 1239
 433     2.268    -0.796   -10.634  489  514  777  804
 434   -12.463   -10.380     2.088 1021  906 1018 1119
 435    -1.059    13.836    -7.418   20   18  247  280
 436    -6.029    -3.883   -14.379  612  547  862  943
 437   -13.303    -9.879    -6.081  933  810 1025 1128
 438    25.636     0.938    -6.122  319  637  772  676
 439     7.368    10.712    18.648  273  377  274  245
 440     1.822   -17.796    18.112 1312 1375 1227 1279
 441     2.495   -14.088    -9.991  947 1004 1185 1231
 442     8.035    -4.008     2.191  673  795  851  856
 443    14.193    -7.541    -5.746  689  893 1013 1003
 444    11.187    14.212    15.601  104  249  183  109
 445    17.219    11.308    16.785  180  393  299  194
 446     4.014    -7.169    -6.842  743  805  983 1017
 447   -25.236    -4.378    -9.935  798  502  816  984
 448   -18.300    -3.645   -10.821  728  506  813  947
 449    -0.060    -7.965    -7.840  778  801  995 1060
 450     4.525     4.835   -10.555  267  318  603  601
 451   -14.981    13.447    18.508  315  161  103  212
 452    20.957     2.262    -7.822  284  534  730  657
 453    10.084     6.551    19.518  427  564  436  403
 454    -6.728   -10.678    -7.263  914  865 1065 1147
 455    -1.835    -1.812   -16.352  506  475  814  875
 456    21.923   -13.568    -2.379  872 1169 1190 1171
 457     1.494    14.821    13.865  124  157  139  126
 458   -15.194     5.005     0.573  482  306  488  598
 459    11.130    15.957    16.435   52  197  120   64
 460    -4.305     2.114    15.458  641  617  571  618
 461   -22.776     2.540   -13.072  509  252  604  754
 462    -1.104    15.668    -1.621    3    1  163  184
 463   -12.318    -8.754   -10.480  856  737  999 1110
 464    10.365     1.933    19.250  587  748  610  570
 465    17.553    12.814    18.252  133  348  240  129
 466    -9.722     9.901     1.280  265  175  317  420
 467     8.695    -7.831    -7.952  726  847 1016 1040
 468     0.958    11.930   -10.105   53   68  326  360
 469    17.323     1.192    -7.897  351  557  752  697
 470    13.228   -14.750     2.998 1012 1206 1195 1212
 471   -20.722     1.708   -16.124  499  266  648  790
 472    -1.058    -6.199   -14.488  667  673  957 1020
 473    13.459    -3.252   -11.962  498  672  886  876
 474     3.595     4.944     9.892  446  490  517  517
 475    18.229     2.894    -8.712  271  484  691  640
 476    -0.218   -14.830    -8.887  998 1025 1198 1255
 477    13.897     3.740    -9.062  257  428  660  615
 478    17.955    -0.728   -11.078  386  615  817  766
 479     5.903     4.007   -13.596  264  330  643  655
 480   -23.770     5.679   -12.233  404  146  487  660
 481    17.011    -9.284    -8.964  713  938 1076 1073
 482    -1.592    10.847   -11.738   89   79  367  419
 483   -19.231   -12.961   -12.796 1024  829 1113 1234
 484     7.051    -1.370    15.566  710  822  733  716
 485   -16.584    -3.509   -12.134  687  497  819  942
 486   -22.588     8.513   -12.846  282   55  388  547
 487    13.202   -14.881    -5.784  936 1128 1216 1230
 488    15.576     6.203   -12.796  140  311  597  537
 489   -16.849    -4.191     6.670  871  702  782  906
 490    17.332     5.253   -10.583  185  379  621  555
 491    -5.007    -2.024   -15.532  534  471  809  882
 492    23.670    -6.004    -8.861  558  860  992  938
 493     4.472     5.427   -13.785  222  281  591  594
 494     7.908    11.220    -8.875   42  137  382  362
 495    19.148     5.962   -11.715  135  353  611  532
 496     7.667    12.931    -7.758    5   86  310  290
 497    21.424     8.087   -12.658   60  283  544  461
 498   -10.328   -13.243   -14.540  960  869 1145 1235
 499    26.678     2.363    -0.150  314  650  710  591
 500    16.137     2.715   -13.077  251  440  713  668
 501   -11.274    -7.979   -15.067  793  674  989 1094
 502    16.185     0.642   -12.141  344  530  775  733
 503    10.191     4.008   -12.561  244  372  652  635
 504    13.077     1.687   -15.028  294  442  749  712
 505    21.368    -9.635   -13.856  647  933 1105 1089
 506     6.236     4.202   -13.999  250  325  635  645
 507    -2.094    -6.279    -9.798  723  713  947 1010
 508   -17.227    -0.187   -15.319  550  343  723  840
 509    -3.843     6.038   -16.137  233  209  560  600
 510    -8.775    -9.591   -15.856  819  739 1051 1137
 511    -3.663    -4.749   -12.296  649  619  894  963
 512    -5.527     5.185   -17.092  263  219  579  653
 513     8.587     4.129   -13.256  245  345  644  638
 514    20.218     7.237   -10.471  101  316  569  476
 515   -22.841   -10.967     2.873 1121  870 1003 1157
 516    10.395    -6.841   -11.830  627  782  996 1012
 517   -20.796   -14.985    11.381 1309 1081 1111 1240
 518   -23.111    -7.010   -13.574  839  588  925 1077
 519    19.808   -11.761   -10.585  757 1020 1152 1148
 520    14.768   -14.820    -5.584  927 1133 1217 1227
 521   -14.463    -4.458   -18.773  650  483  869  993
 522    24.844    -4.790    -3.090  552  879  948  868
 523    16.254     8.726   -14.943   39  222  522  462
 524    23.406   -10.042   -12.318  664  967 1117 1093
 525    14.454    -9.999   -11.559  738  926 1093 1107
 526   -20.305     7.574   -15.965  281   72  441  590
 527    19.053     5.529   -15.129  126  334  631  561
 528    19.295    -3.224   -14.173  444  691  913  870
