532
   1    -4.921    -1.669    -3.051  626  595  773  834
   2   -11.482     6.235     1.547  427  296  448  554
   3     1.009     9.354    -2.310  200  231  406  429
   4    -8.310    -2.263    -3.833  666  589  785  863
   5    11.738    -4.311     0.328  646  814  884  876
   6     7.928     4.266     9.408  444  545  559  538
   7    16.587     5.664    -0.816  249  450  576  509
   8     1.815    -2.024     2.985  649  703  783  806
   9    14.861     2.073    -2.809  373  560  694  668
  10   -11.573    -0.625     0.087  660  532  697  794
  11    15.971     3.235     2.771  372  581  650  582
  12    10.427    -0.898    11.160  618  780  750  723
  13    15.506    -2.591    12.220  659  894  807  761
  14    20.290   -10.520     7.640  864 1149 1085 1069
  15    14.465    -8.666     2.281  800  996 1033 1030
  16    21.700     2.258    -1.784  338  617  706  634
  17    22.802     9.155     7.149  155  428  439  319
  18   -10.270     8.822     4.250  345  240  351  456
  19   -13.336     4.317    10.968  587  440  477  586
  20    -7.540    -3.086    -3.972  692  624  810  886
  21    -7.012     7.642    17.339  481  397  352  427
  22    11.754    -6.064     3.027  741  914  938  933
  23     0.236    -1.745     1.326  632  670  778  804
  24    -5.834    -0.795    -1.815  613  553  741  796
  25     9.342     1.425    11.522  550  701  661  643
  26     2.389    13.781     3.780   82  126  216  218
  27   -15.909     5.922     9.234  535  342  420  543
  28    14.576     4.478     9.686  394  596  574  513
  29    -8.471    11.384     1.389  212  137  271  358
  30    14.015     0.428     3.047  493  687  742  701
  31   -14.420     1.717     4.102  627  461  601  717
  32    18.609    -5.125    -0.189  623  885  935  891
  33   -16.676    10.425     3.952  323  150  260  408
  34     6.817     1.039     4.487  528  633  683  694
  35     1.711   -13.636     5.712 1064 1124 1136 1192
  36     7.425     2.054     7.795  517  629  644  640
  37    19.299   -12.271    12.055  966 1245 1120 1111
  38    12.631   -11.971     2.634  920 1095 1117 1130
  39     6.824   -10.381     5.083  925 1040 1058 1093
  40    14.156    -8.434    -0.675  767  969 1032 1034
  41     9.656    -5.891     5.665  760  919  915  920
  42    17.731     1.458    10.451  498  734  681  613
  43    -6.115    -4.851     7.455  845  791  832  906
  44   -10.945     2.316     4.444  588  463  587  688
  45    12.889    -5.877    15.441  820 1011  890  875
  46    18.452     5.163    -2.564  243  462  608  528
  47    -2.275     7.287    18.028  474  448  383  422
  48    -3.515    -2.790     0.171  689  677  801  857
  49   -13.816     3.619    19.223  687  529  468  579
  50    17.304   -12.738     6.347  942 1196 1141 1140
  51    -5.604     8.146     0.613  308  253  410  478
  52   -11.660    11.266    16.851  368  244  198  302
  53    -5.571    -4.553    -6.448  714  668  861  947
  54    -4.950   -12.002    12.758 1113 1082 1063 1135
  55     7.894     5.265     7.168  383  484  533  512
  56    11.669     3.792     7.714  418  578  596  556
  57   -15.639     1.322    15.989  755  593  563  693
  58     5.121    -8.694     8.770  909 1003  990 1025
  59    -7.682    16.047     6.303   80   19   88  155
  60    16.289    -7.936    17.704  883 1129  968  938
  61    -6.912     8.327     0.924  314  247  401  473
  62    -0.729     1.873    11.401  597  620  609  654
  63    -3.653    -2.331    -8.915  595  563  811  871
  64    16.328    -6.841     9.041  792 1010  956  924
  65   -21.114    11.878     8.613  337  113  177  343
  66    14.562     7.555    -0.789  197  363  508  454
  67   -14.180     7.313     7.956  461  295  380  498
  68    -8.432     9.264    -5.638  228  153  387  471
  69    13.358     1.286     6.593  499  685  687  664
  70     3.620     9.623    12.613  293  343  337  337
  71   -16.493    -8.735    12.270 1075  924  927 1063
  72     8.106     7.527     6.732  294  392  449  438
  73     6.398    -4.069     3.635  700  802  849  869
  74     1.348     4.746     1.360  400  413  552  571
  75   -11.624    -0.360    15.845  797  679  637  736
  76    16.012     5.594     8.054  329  530  543  483
  77   -20.376    11.875    12.783  367  148  164  321
  78   -12.325    -1.294     3.728  732  602  713  809
  79    -8.954     5.186    10.502  529  424  463  550
  80   -12.607     9.326     1.489  318  190  335  455
  81    17.011     6.079     1.883  259  458  554  487
  82    19.868     2.173    10.784  455  724  664  578
  83   -11.187    10.582     8.194  320  208  256  371
  84   -17.988    14.252    15.439  278  100   72  210
  85     8.872   -14.264    -0.709  986 1137 1194 1223
  86    -3.079     3.130     0.491  483  444  599  662
  87     0.530    -0.652     8.130  651  695  714  743
  88   -13.478    -1.372     3.127  737  587  716  821
  89     0.537    -5.249     1.496  762  789  881  932
  90   -16.791    -4.082     4.901  856  692  792  913
  91    -6.088     1.342    -1.078  546  477  662  727
  92    23.467    -4.888     5.192  631  960  923  851
  93   -10.154    -7.923     7.129  965  883  932 1042
  94     3.702    -5.438    -2.932  718  775  908  948
  95     0.566    13.952    16.115  185  213  149  163
  96    10.921    -9.463     0.638  836  988 1049 1074
  97    11.926   -12.222    11.750 1005 1195 1105 1120
  98    -7.042    -1.048     5.708  698  638  715  778
  99    -0.665    12.162     1.038  139  146  274  310
 100   -16.677    10.312    14.715  417  236  221  363
 101    10.820   -13.400    18.549 1110 1292 1119 1137
 102    -8.707     3.507    14.071  611  520  515  591
 103    -3.352     9.157     3.052  274  250  372  424
 104     7.352   -12.190     5.767  982 1105 1108 1142
 105    23.777   -11.817     1.019  839 1153 1139 1117
 106     8.982   -13.488     5.287 1014 1157 1151 1175
 107    13.289   -14.583     3.021  999 1208 1202 1215
 108    11.337   -10.935    14.284  985 1166 1064 1077
 109    14.669     7.673     5.571  236  421  475  416
 110    -3.803    -7.331    10.042  929  930  914  985
 111   -10.236     6.208    17.832  554  441  398  488
 112    -9.503     9.692     7.507  336  239  304  400
 113     8.639     1.011    -2.279  460  573  720  710
 114    21.259    -9.686     6.916  829 1114 1067 1041
 115    -4.129    -8.687    13.534 1003  990  950 1031
 116    20.035   -10.596     4.594  850 1118 1091 1078
 117   -12.368     5.838    -3.660  406  264  488  588
 118    -3.076     3.334     3.775  505  464  580  635
 119    14.923     3.214    13.267  473  682  607  544
 120    -4.685     1.836   -10.438  446  384  676  739
 121   -15.159    -7.687    11.639 1025  886  889 1018
 122    16.635   -13.754    16.302 1061 1319 1150 1145
 123     1.200    -0.581     7.380  636  688  718  742
 124    -8.238    15.272     7.331  120   50  101  187
 125    -0.146     4.293    18.810  571  601  496  524
 126   -16.679     5.753    18.349  616  427  386  514
 127    -3.724     0.210    -0.193  579  543  693  750
 128   -11.320     2.241    11.984  656  534  558  669
 129    -3.949    13.810     3.268  117   92  192  243
 130   -17.954    -0.251     8.111  758  551  645  768
 131   -13.343     3.121    11.713  634  480  521  638
 132    -1.508     3.639     5.755  502  478  565  606
 133    12.205   -12.352     5.817  961 1147 1123 1138
 134    -6.682    -1.971    -3.675  644  588  782  849
 135    11.569    10.844    -0.525  105  242  379  324
 136   -17.153    -7.322     4.423  967  788  894 1044
 137    11.203    -6.598    -1.517  724  882  964  965
 138    -9.975     3.697    12.149  596  483  513  596
 139    16.799   -11.014    14.354  958 1209 1077 1071
 140     8.135    -8.357     1.503  819  954 1003 1038
 141   -21.533     6.353    -4.380  438  206  435  597
 142     7.031   -14.465    10.409 1095 1227 1164 1198
 143    -7.134     3.999     2.704  494  406  545  616
 144    27.236     2.998    -4.865  250  592  712  595
 145   -19.797     3.278    10.418  661  435  503  656
 146   -17.963     4.068    12.584  635  436  465  605
 147    -9.312     2.991    10.170  600  496  544  639
 148   -18.205     9.739     3.911  358  159  282  441
 149   -10.673    -0.814     5.092  710  606  691  780
 150     4.479    -5.377     5.771  780  865  882  908
 151    -7.890    -4.284     7.295  831  765  813  893
 152    18.151    12.789     6.830   51  263  293  200
 153     5.372    -5.247     6.620  774  873  877  900
 154     3.834     4.244     8.121  463  511  551  558
 155    -4.536    -7.829     5.954  917  902  945 1022
 156    16.601    10.504    -1.416   79  271  411  329
 157     4.527     4.485    18.554  534  618  509  501
 158   -14.481     0.629     4.804  678  510  631  744
 159   -20.133     0.605    10.716  766  531  595  738
 160    10.000     8.479     5.117  231  357  431  401
 161    -8.794     2.218    18.800  704  625  539  625
 162    -8.893    -6.311    -6.169  798  715  916 1012
 163   -20.464    11.422     7.734  340  125  201  364
 164   -12.785     4.914    -6.472  414  274  530  646
 165    22.114    -7.634     9.718  779 1068  992  940
 166    22.318    -8.807    -4.083  702  991 1070 1045
 167     7.121   -14.237    15.694 1132 1265 1145 1172
 168    23.291   -13.123    -1.090  863 1176 1191 1163
 169    -3.493    10.582    10.639  285  259  280  330
 170   -11.872     1.606    12.411  694  558  581  685
 171     0.628     9.904    -4.157  173  194  393  417
 172   -19.529    -2.844    15.319  921  721  698  839
 173     9.995   -15.870     4.868 1079 1242 1224 1248
 174    -5.105     1.313     3.454  578  524  649  709
 175   -20.741     6.301     9.370  548  307  390  540
 176    -8.918    10.601    -2.813  210  129  314  412
 177     7.486     5.070    -0.813  328  419  572  557
 178    -4.599    10.784    -2.642  178  145  324  391
 179    21.788   -10.761     2.524  824 1113 1104 1086
 180   -17.357     6.419     6.667  506  299  408  537
 181     0.940     2.366   -10.291  389  395  674  713
 182    -8.291    12.256    14.854  287  217  183  263
 183     5.173     7.972     2.514  266  327  443  449
 184    -9.785     3.786    18.226  640  542  482  566
 185     6.891   -11.132    -1.842  891 1002 1094 1127
 186    -4.904    -8.110     2.417  903  879  963 1052
 187    13.612   -13.043     7.955  990 1202 1137 1151
 188   -17.139    -0.792     1.147  721  518  686  814
 189     9.591     0.748    13.142  589  737  673  666
 190   -11.469    -1.045    -4.510  633  505  746  831
 191     1.197    -7.264    -5.102  771  810  973 1033
 192    24.912     4.008    -1.662  257  554  663  553
 193    -6.836    -0.602     9.230  717  652  682  752
 194   -11.714     2.285    -2.959  537  391  613  718
 195   -11.669    12.396     1.362  194   87  222  328
 196     8.353     4.834    -4.083  304  403  591  574
 197    -6.523    -0.688    -0.582  620  557  729  787
 198    12.091     6.946    14.481  359  517  455  407
 199     1.258   -13.998     4.789 1070 1131 1152 1209
 200   -17.766    -7.772     7.393 1008  834  898 1049
 201   -23.055     8.109     2.382  439  185  339  510
 202    -7.309     5.549     6.355  471  377  470  548
 203     0.720    10.551     7.649  234  256  310  333
 204   -15.872    -8.182    -3.634  918  759  954 1088
 205     0.130   -14.897    15.787 1191 1248 1149 1212
 206   -14.570    -8.355     6.626  996  867  937 1065
 207   -11.764    11.188    -5.892  186   73  297  410
 208    21.036     7.489     8.606  225  488  490  386
 209    -9.559   -16.132    14.608 1290 1223 1172 1261
 210    11.962     3.211     3.531  409  555  629  592
 211    -8.641    -9.473     3.093  974  917  996 1097
 212    -9.125    13.477    13.693  235  154  141  216
 213    -7.209     1.066    -7.224  519  433  679  757
 214   -21.112    10.243     9.956  411  180  225  402
 215   -17.669    -0.614     9.144  789  590  656  775
 216   -10.971    15.359    18.842  218  121   46  130
 217   -17.573     9.123    -3.702  312  131  347  492
 218   -12.570   -11.262     6.846 1087  978 1037 1144
 219    16.953    -1.314    18.168  652  913  759  699
 220     8.525    11.069     6.145  164  268  323  298
 221     7.112    -7.964    -4.846  759  877 1009 1047
 222    -7.129   -12.366     2.623 1056 1004 1089 1171
 223    15.941     8.202    -3.688  149  322  502  435
 224    -9.126    -1.382    -0.904  665  572  749  825
 225    -9.415    -6.453     7.211  912  832  876  977
 226    -2.639    -4.268    18.281  886  899  794  842
 227   -17.372     2.803    17.422  736  523  497  637
 228     1.190    -0.109    -0.761  553  594  732  755
 229    21.419    -3.138    -1.171  539  816  871  819
 230     1.860    14.019    15.065  166  209  161  160
 231    -1.545     5.313    -8.634  311  298  560  602
 232     1.787    -5.716    -5.713  713  753  930  970
 233    -0.319    -5.475     4.865  807  828  874  929
 234    -5.088    -2.199    -7.364  612  566  799  868
 235    10.942   -10.569     3.372  892 1051 1079 1096
 236   -10.954     9.707    14.394  405  282  264  373
 237    11.544     5.168    11.250  401  549  534  494
 238    -0.975   -14.804    15.654 1196 1237 1143 1208
 239    -6.308     8.914    17.077  425  351  303  377
 240     7.432     6.859    -0.239  267  355  507  493
 241     1.142     7.151     6.384  354  369  438  469
 242   -12.651    -6.786     6.935  937  820  880  999
 243   -13.827   -12.578    -3.004 1057  938 1096 1210
 244    -1.762    -1.409    -0.927  615  623  768  807
 245    10.190    11.364     7.156  153  277  313  274
 246    -3.927    -5.547    -6.168  746  716  903  980
 247    23.003    11.858     3.323   36  293  364  236
 248   -13.981   -15.517     2.327 1184 1061 1177 1273
 249    -8.305     7.804    12.361  443  338  362  448
 250   -13.912    -1.799    18.223  869  738  672  776
 251    -2.428     4.299    16.454  565  546  498  534
 252     3.637     3.791    -7.349  350  385  624  650
 253   -12.276   -13.431     5.944 1147 1042 1102 1211
 254     5.010   -14.687    14.427 1151 1260 1158 1196
 255     9.472    -6.158    18.466  873 1032  883  882
 256     2.014    -7.183    -3.551  781  825  969 1014
 257   -21.080    -1.699    -6.303  712  459  745  877
 258    -4.971    -1.641     8.937  745  704  734  781
 259    -9.307    15.414    17.602  201  117   52  127
 260    26.198    -6.616    -3.629  604  952 1007  942
 261     6.657   -12.562    11.440 1048 1168 1103 1139
 262    -8.109    -8.524    10.828  997  950  943 1046
 263     9.563    -9.161    16.256  959 1111  991 1005
 264     5.391     3.840   -10.431  307  370  640  657
 265   -16.743    -6.709    -1.760  893  723  892 1040
 266     7.456     1.537    -5.975  415  502  703  708
 267    23.283     2.588    -3.637  296  597  705  617
 268    -0.745    -5.536    15.748  902  937  840  889
 269    -0.193    14.176     8.484  122  136  175  195
 270   -12.336    14.818    12.608  202   85   87  190
 271   -19.092    -3.035    -8.856  728  495  795  931
 272    -1.820    -7.710    -4.162  813  819  976 1053
 273    -8.066     0.300    -4.223  572  476  692  773
 274   -15.402     8.285    -5.187  319  156  400  518
 275    19.181    -8.773    -3.881  731  979 1062 1048
 276    -1.143     7.847    12.303  393  380  392  425
 277   -15.570    -2.111     3.318  769  608  740  846
 278     7.394    11.168    -0.533  114  214  349  325
 279    23.235   -14.211     5.788  952 1269 1204 1173
 280    -0.986    -7.047    -4.020  794  798  958 1020
 281    19.284     2.690    15.035  478  742  628  542
 282   -14.212   -11.440     0.868 1054  934 1054 1164
 283    22.152    10.131     9.843  147  407  402  271
 284    16.605     6.528    17.820  371  607  474  395
 285    25.642     8.313    -1.168  108  394  517  387
 286    25.607    10.411    -1.183   39  317  437  307
 287     6.032    -1.945    12.577  707  808  765  759
 288     1.479    14.796     9.531   97  132  152  158
 289    -0.200    12.635     6.708  163  172  234  261
 290   -11.425     1.951    -7.966  508  368  647  740
 291    -6.913   -12.869     6.072 1094 1050 1097 1177
 292    -1.937    -9.705    -4.293  874  895 1043 1113
 293     6.088   -13.299    13.585 1089 1218 1116 1157
 294   -24.258    -1.727    -8.493  716  430  743  892
 295    13.953   -14.126     1.398  973 1177 1196 1205
 296   -18.900   -12.864    -1.970 1104  929 1090 1227
 297     4.880    15.567    15.975   99  168  105   92
 298    10.658     7.733    -0.620  213  332  484  459
 299    -6.564    18.290    15.255   60   11    0   43
 300   -22.147     6.840    -2.846  437  197  413  573
 301    -1.254   -16.458     6.312 1175 1214 1216 1274
 302   -21.889    -6.638     0.110  934  710  868 1043
 303   -17.231     9.497    15.159  457  260  246  394
 304   -21.646    -8.935     1.579 1024  796  949 1104
 305     9.638    11.202    -2.960   81  205  367  331
 306   -21.368    13.570     6.265  252   42  125  292
 307    25.368    -9.258    -4.699  696 1018 1087 1055
 308    -3.415    15.673    17.910  162  142   63   99
 309     2.902     4.098   -11.086  309  333  625  655
 310    19.150    -6.914    10.165  777 1037  962  916
 311    11.348    -9.482    15.230  947 1133 1012 1013
 312   -11.921    16.344    12.533  148   40   41  123
 313   -22.000    -5.335    -8.056  825  585  850 1011
 314   -16.639    -7.386    -2.689  907  736  925 1064
 315    -0.591     8.886     9.181  324  316  363  396
 316    -4.279    12.562    -6.390   85   59  278  339
 317   -20.801    -6.504     6.141  976  758  848 1006
 318     0.083     5.928    -7.083  288  297  537  568
 319    -9.572     5.263     9.217  518  400  461  555
 320    10.073    10.178     0.772  146  262  396  353
 321    -0.997    14.163     2.211   77   84  197  221
 322    -7.074    13.609    12.371  211  151  148  212
 323   -16.269    12.674    -2.594  182   32  214  352
 324    18.416    10.503    15.877  198  431  344  238
 325     5.958    -2.554    -7.374  556  648  836  855
 326    22.556     9.357     3.386  121  379  446  332
 327    -1.363   -14.733    11.201 1162 1197 1156 1221
 328     1.729     8.407    12.758  356  378  377  389
 329    -6.495   -13.497     0.606 1067 1029 1130 1217
 330     0.612    12.335     5.015  157  173  248  278
 331    13.132     7.651     7.987  270  439  460  409
 332     8.441     8.804    -3.643  170  270  445  434
 333     0.479    -0.041    14.596  691  726  671  705
 334    -8.572    -3.106     5.181  776  702  784  861
 335    19.749    12.763     8.898   57  286  289  184
 336     0.093    -7.900    -7.844  783  799  997 1067
 337   -17.398    -3.795    -1.454  803  615  800  925
 338   -22.699     9.294     1.216  375  139  294  481
 339    -3.008    18.167    18.800   71   62    1   27
 340     1.685   -14.891    -5.293 1018 1062 1206 1257
 341    -0.192   -14.670    18.816 1215 1264 1132 1191
 342     6.801    10.192    12.909  261  341  321  303
 343   -22.131    14.089     9.968  268   45   86  255
 344    -2.481     4.387    -7.985  357  326  588  645
 345   -14.151   -14.731     9.973 1234 1103 1129 1241
 346    -2.360     4.718     7.641  479  451  518  560
 347   -22.502    -0.479    -0.578  733  456  668  822
 348    -1.635     1.241    13.605  648  656  620  672
 349     5.744    14.052    13.109  127  212  179  151
 350   -10.176    -9.207    -6.392  900  800 1011 1115
 351   -26.387    10.952    -3.139  303   39  238  451
 352     5.687     7.483    19.943  426  501  399  381
 353   -23.738     0.906     5.378  744  452  592  751
 354    22.049     1.513    -3.880  347  628  753  674
 355    19.323   -14.178    15.776 1059 1338 1171 1156
 356   -17.585    10.182     0.436  305  127  283  439
 357   -13.771   -16.469    14.485 1327 1215 1176 1271
 358     8.204     7.393    14.563  369  471  427  403
 359   -12.727   -15.739    15.303 1304 1205 1147 1251
 360     3.845     4.611    10.111  466  516  531  531
 361     8.420     9.239    13.038  280  386  368  334
 362    17.884    15.185    11.546   13  226  190   88
 363    10.410   -16.937    15.363 1186 1374 1233 1253
 364     3.742    11.418    -4.703   91  149  343  351
 365    -6.373    -6.830     7.806  911  870  896  981
 366   -18.300   -10.667    -0.665 1041  861 1025 1152
 367    14.763   -15.336     7.553 1058 1274 1214 1226
 368   -24.976    -0.729    -4.624  719  422  678  848
 369    15.833    -3.692    -4.341  560  772  888  864
 370    -1.142     0.582     7.289  610  627  669  711
 371    19.034   -16.559    13.264 1114 1390 1241 1239
 372     5.332    13.531    -2.143   37  107  255  251
 373     7.675   -12.330    19.748 1102 1246 1081 1110
 374     8.166    11.692    -4.364   62  161  348  322
 375     1.240     9.183    19.535  385  409  311  323
 376     2.092    18.362    13.309    3   43   24   31
 377    -2.648     8.893    17.054  404  375  315  366
 378    12.368     1.905    17.184  561  745  626  580
 379    -7.236    -8.840    -2.786  896  841  995 1092
 380    -4.979     0.302    20.185  763  730  619  684
 381    17.768    15.814    13.956    9  221  162   58
 382    22.160   -13.562    -2.498  870 1167 1201 1176
 383    -2.144    -6.237    -9.745  725  718  946 1010
 384   -22.865    -9.243    -7.612  964  727  986 1132
 385    -3.153    -5.928    -4.174  757  746  912  982
 386     5.104     1.739    14.496  594  691  621  619
 387     4.562     1.380    -7.950  423  474  707  728
 388     7.481    -7.756    19.054  945 1070  936  945
 389    -2.426    13.728    12.277  179  164  166  202
 390    -1.714    -1.307   -11.740  531  507  797  843
 391     1.376    -1.868    15.629  756  803  739  754
 392    18.578    10.359    14.866  195  426  355  246
 393    22.066    -0.617    -9.792  370  649  827  760
 394    -0.952    13.847    -7.103   24   30  245  286
 395    25.868     1.244    -6.004  315  640  772  679
 396     8.662   -14.826    -2.385  991 1140 1211 1242
 397    14.599    15.011     7.646    8  170  202  113
 398     4.468     5.040   -10.266  271  320  594  607
 399   -21.051     8.084    -5.295  363  138  384  535
 400    15.380    -1.212    -6.135  468  672  815  777
 401   -13.392   -10.585    -5.522  968  844 1047 1155
 402    -6.975    -5.954    -4.052  795  729  900  995
 403   -23.153     8.031    -4.523  377  135  374  541
 404    -4.985    -5.405    16.399  927  910  829  894
 405   -22.861    11.228    -6.292  241   15  252  444
 406     1.589     3.325    15.478  570  614  546  563
 407   -14.951   -13.987    -3.152 1108  972 1134 1247
 408   -13.004    -9.881    -6.200  932  812 1027 1134
 409    15.356    -7.014    -6.721  657  874 1000  997
 410   -12.229    -8.910   -10.566  862  744 1005 1119
 411    21.380   -13.167    -5.806  846 1119 1199 1174
 412    15.402    -0.635    -6.823  440  641  802  765
 413     4.759   -12.587    18.887 1123 1228 1084 1122
 414    -4.706     1.591    15.768  676  644  589  659
 415   -15.671   -16.575    11.242 1317 1174 1184 1285
 416   -21.753     0.952    -7.024  607  353  646  786
 417     7.694    10.143    18.827  301  402  301  272
 418    10.080     5.662    19.751  469  616  473  442
 419   -10.610    -5.884     1.981  854  757  869  978
 420   -20.433     4.851    -5.893  476  246  506  667
 421    -1.660    -0.698    -9.065  532  509  770  813
 422     7.788    11.634    -8.654   41  130  371  349
 423     1.552     7.653    13.380  392  411  404  418
 424   -22.343    -4.870    -7.258  818  568  833  998
 425    -6.569    16.975     8.633   56    6   49  105
 426    -8.201    -8.099    -7.843  838  764  984 1085
 427    -5.566    11.166    18.271  341  289  218  279
 428    -0.558   -14.390    18.682 1206 1254 1127 1183
 429    -7.238   -12.527    -6.856  979  939 1114 1206
 430    14.302    -7.270    -5.807  683  884 1004 1004
 431    26.029     0.106    -6.435  352  681  805  722
 432   -18.779     9.267    -7.550  277   96  356  500
 433    -4.642    -5.489   -12.517  685  647  922 1001
 434   -16.519   -15.942     6.467 1257 1093 1168 1279
 435    -6.362   -10.768    -7.320  916  875 1075 1154
 436    16.133     1.902    -6.844  342  536  728  681
 437   -23.171   -15.180    -1.284 1203  980 1148 1283
 438   -14.973    13.174    18.981  334  179   99  222
 439    -0.583    -6.086    13.863  901  942  863  917
 440   -16.213   -16.718    13.647 1347 1199 1180 1284
 441    21.155     2.669    -7.740  273  525  719  648
 442    14.311     9.540    19.255  284  469  350  273
 443    17.249    10.849    17.246  206  417  316  214
 444   -25.332    -4.400   -10.071  799  499  823  996
 445    13.211     1.995   -14.792  291  443  747  712
 446     5.659     2.804    16.127  566  666  577  570
 447   -13.489   -10.269    -5.642  955  829 1036 1147
 448    -6.716   -11.780    15.378 1140 1087 1045 1124
 449    -3.799    10.781   -11.062  116   86  369  426
 450     1.027    10.651    -9.992   98  123  391  414
 451    13.556   -14.054    -5.692  915 1097 1207 1224
 452     0.715    18.396    19.711   49   79    3    7
 453    18.477     3.370    -8.572  264  473  684  627
 454    20.341    -3.475    10.238  639  941  847  784
 455    11.182     0.846    -7.951  403  539  757  733
 456    -8.585     0.378   -10.179  527  423  717  789
 457   -25.974     5.750    -6.812  472  181  451  649
 458   -17.266   -14.982    -3.139 1153  986 1160 1275
 459    17.631     5.721   -10.440  174  367  614  547
 460    17.739    12.157    18.698  171  383  261  161
 461    -1.572    10.579   -11.591  106  103  388  431
 462    -5.555     7.261    10.978  434  365  403  464
 463   -18.353    -3.705   -10.813  734  508  820  955
 464   -13.261    -5.737   -10.023  768  634  895 1017
 465    -3.552     2.768    13.305  599  580  557  609
 466     5.924     4.193   -13.359  269  329  639  653
 467   -18.974    10.689   -12.960  191    3  319  479
 468    -4.617    11.607   -11.003   86   56  331  398
 469    -5.111    -2.169   -15.334  547  487  819  890
 470    10.572   -13.329    -5.034  913 1064 1179 1201
 471    -1.113    -6.190   -14.452  672  683  960 1028
 472    23.908     6.420    -7.033  138  405  597  495
 473    15.352     6.298    -8.121  181  350  578  523
 474    -6.169    -4.006   -14.180  622  565  865  952
 475   -24.292     5.988   -12.009  402  143  471  661
 476     4.609     5.403   -13.361  227  285  593  603
 477    17.273    -8.764    -9.120  690  931 1072 1068
 478    -5.651    -7.701    -8.750  802  754  981 1075
 479    10.958    15.387    16.288   72  219  138   76
 480    17.620     1.614    -7.902  333  544  748  697
 481    14.086     4.241    -8.811  254  415  652  604
 482     2.438    -0.780   -10.478  501  522  787  812
 483     1.480   -18.009    18.388 1310 1380 1238 1288
 484    -0.103   -14.892    -8.848  995 1028 1209 1265
 485   -22.939     8.724   -12.607  282   53  385  552
 486    10.202     4.392   -12.240  242  359  643  624
 487   -20.962     1.668   -16.002  511  267  658  792
 488    10.752    17.593    20.244   27  160   43    3
 489     8.614     4.450   -12.998  244  337  636  633
 490    13.652    -2.756   -11.688  487  665  872  860
 491     4.121    -7.082    -6.769  743  806  978 1021
 492     8.756    -7.427    -8.090  706  838 1001 1036
 493   -15.484    -4.249   -15.939  682  498  857  988
 494     2.714   -14.075   -10.141  941 1007 1197 1244
 495    16.421     1.194   -12.087  322  519  769  724
 496    -8.464    15.318    16.031  187  111   64  139
 497    -2.407    15.401     4.102   53   46  143  183
 498   -17.451    -0.347   -15.299  559  354  736  856
 499     8.855   -13.777    -6.065  928 1060 1193 1222
 500    19.530     6.450   -11.589  126  336  600  522
 501    10.501    -6.117   -11.827  614  766  979  989
 502     6.340     4.380   -13.806  258  324  634  647
 503     1.157    12.076    -9.910   50   70  334  354
 504    18.224    -0.081   -11.045  366  603  803  756
 505    16.357     3.250   -13.011  237  437  695  665
 506    20.516     7.581   -10.251   90  315  556  475
 507    15.747     6.557   -12.616  135  309  586  527
 508    -4.314     5.494   -14.332  272  237  569  630
 509    15.093     8.889   -17.007   33  201  522  472
 510    22.445    -6.973     6.859  735 1033  988  921
 511   -16.606    -3.576   -12.241  697  500  824  953
 512   -11.237    -8.269   -15.061  804  696  998 1114
 513    -1.885    -2.072   -16.023  525  493  828  883
 514    11.889     1.798   -16.618  290  429  755  732
 515   -20.499     7.167   -15.515  306   98  454  610
 516    13.292     8.314   -15.261   69  228  527  489
 517     6.297    -7.145   -15.651  642  743 1010 1056
 518    15.215   -14.168    -5.414  908 1126 1212 1219
 519   -23.134    -6.960   -13.840  842  586  933 1089
 520   -20.255   -15.190    11.422 1301 1089 1126 1256
 521   -14.709     2.421   -18.330  420  254  657  766
 522    16.417     9.134   -14.690   35  218  512  452
 523     4.984    11.381   -12.136   40  106  382  385
 524   -10.111   -13.281   -14.758  960  876 1154 1249
 525    21.950    -8.984   -13.835  624  922 1093 1080
 526    13.665    -1.081   -17.490  374  537  839  824
 527    24.048    -9.478   -12.470  641  956 1109 1087
 528   -23.117    12.244     2.963  283   48  181  362
 529    14.784   -12.054   -15.903  761  963 1173 1178
 530    19.342     6.099   -15.129  115  321  623  549
 531   -19.245    -6.108    -0.105  905  700  859 1007
 532     3.655   -12.932   -11.854  882  967 1163 1218
