538
   1    10.375    -0.823    11.157  612  774  741  733
   2    -8.218    -2.224    -3.842  658  583  777  880
   3    16.021     3.228     2.853  364  580  640  595
   4    -3.373     9.263     2.954  265  249  360  428
   5    -2.404     7.428    18.063  462  444  368  425
   6    -7.475    -3.052    -3.988  686  617  807  906
   7    -3.124     3.250     0.510  471  441  587  665
   8     1.801    -1.998     3.008  639  696  774  824
   9    17.690     1.469    10.366  483  730  675  626
  10   -11.534    -0.534     0.090  652  528  689  809
  11     7.922     4.313     9.381  431  545  555  546
  12    21.687     2.170    -1.884  335  613  706  649
  13     9.329     1.508    11.563  543  690  650  650
  14   -11.622    -0.341    15.708  794  668  630  747
  15    -7.124     7.624    17.259  473  401  347  438
  16     0.200    -1.650     1.368  626  659  762  820
  17    -6.577    -1.969    -3.660  635  585  772  868
  18    15.369    -2.570    12.153  653  882  801  776
  19   -11.871     1.670    12.328  685  550  575  696
  20   -16.669    10.488     3.884  314  147  259  415
  21    -5.483    -4.481    -6.522  706  658  861  964
  22    11.786    -6.061     2.968  742  902  937  950
  23     5.036    -8.630     8.693  910  993  989 1045
  24     0.566    14.165    16.148  175  209  150  154
  25     6.811   -10.421     4.988  924 1036 1063 1112
  26   -15.919     6.052     9.285  524  338  410  547
  27    -8.079     0.371    -4.186  567  475  682  788
  28   -13.325     4.418    10.993  581  432  473  594
  29    -6.094    -4.817     7.366  843  783  827  925
  30    12.227   -12.320     5.765  960 1136 1124 1156
  31    -4.860    -1.699    -2.996  622  593  764  851
  32    -3.777     0.272    -0.166  570  543  684  767
  33   -12.640     9.295     1.383  311  192  327  462
  34    12.744    -5.810    15.402  819 1003  887  895
  35   -11.351     2.341    11.945  646  527  552  678
  36   -11.525     6.245     1.595  422  297  447  563
  37   -13.443    -1.318     3.125  737  581  702  832
  38    14.474    -8.690     2.233  804  991 1032 1051
  39    14.912     2.077    -2.795  366  563  687  681
  40    18.618    -5.133    -0.211  621  879  934  910
  41    -9.966     3.804    12.078  587  479  505  605
  42    16.212    -7.909    17.603  886 1122  967  954
  43    -6.453     9.032    17.037  414  347  293  380
  44    14.502     4.448     9.610  388  592  572  526
  45    16.664     5.658    -0.765  248  449  574  517
  46     1.189    -0.406     7.321  628  670  698  753
  47    -5.622     8.209     0.541  299  255  405  482
  48     8.079     7.613     6.683  288  395  443  442
  49    -9.366    -6.461     7.134  913  827  876  994
  50     7.382     2.132     7.765  507  618  632  646
  51    14.624     7.535    -0.778  198  371  504  460
  52     5.167     7.913     2.480  259  328  439  458
  53    -5.076    -1.512     8.915  740  692  719  794
  54   -16.767    -4.033     4.840  855  678  787  933
  55     9.594    -5.922     5.552  759  910  920  940
  56    -3.978    13.867     3.053  112   88  195  244
  57    -9.353     3.111    10.127  589  491  535  642
  58     7.864     5.338     7.127  378  480  527  520
  59   -16.698     5.786    18.259  610  425  380  522
  60     9.413    -9.009    16.164  953 1095  990 1017
  61    15.876     5.539     7.956  326  532  542  488
  62    19.869     2.232    10.740  449  719  657  589
  63    14.132    -8.430    -0.699  768  964 1029 1052
  64   -16.693    10.383    14.654  410  239  223  366
  65    -9.438     9.841     7.447  323  238  294  402
  66    14.963     3.159    13.159  464  675  610  555
  67   -14.335     1.765     4.166  618  464  593  729
  68    21.468    -3.130    -1.180  528  810  871  834
  69    -3.626    -2.250    -8.907  586  559  806  889
  70    14.087     0.412     3.022  485  682  734  713
  71     5.270    -5.242     6.582  776  863  877  918
  72    18.491     5.120    -2.542  239  467  609  538
  73    -1.582     3.787     5.651  481  472  558  612
  74     6.758     0.961     4.375  520  627  677  710
  75    -8.902     2.254    18.675  698  616  534  631
  76    -5.016    -2.127    -7.388  601  562  793  882
  77   -17.392     6.515     6.714  495  299  399  543
  78    -4.130    -8.529    13.470 1003  980  948 1042
  79   -18.212     9.824     3.895  353  161  279  447
  80    -6.907    -0.501     9.216  708  642  674  766
  81    -3.907    -5.555    -6.178  747  709  904  995
  82    -6.292    -6.789     7.764  912  861  895  996
  83   -17.391     2.772    17.344  738  524  496  648
  84    -8.345     9.277    -5.971  219  154  383  478
  85    -5.771    -0.861    -1.818  607  558  737  818
  86    -4.872    -8.077     2.349  905  866  963 1069
  87    -9.474     5.430     9.218  506  399  457  554
  88   -10.904     2.289     4.483  584  466  583  703
  89   -20.410    11.466     7.656  331  123  205  368
  90    19.041    -6.866    10.183  774 1033  959  936
  91   -14.405     0.659     4.863  674  517  626  761
  92    13.181     1.199     6.492  492  677  681  680
  93    -7.730    16.094     6.259   74   15   89  159
  94     0.177   -14.783    15.638 1189 1235 1147 1227
  95     1.111     7.359     6.296  343  361  430  470
  96    20.269   -10.553     7.720  865 1142 1084 1089
  97   -17.688    -0.641     9.187  790  588  651  790
  98   -17.134    -7.300     4.297  965  780  894 1059
  99    -0.647    12.231     1.006  134  145  270  306
 100    -6.948     8.382     0.826  305  245  395  477
 101   -17.734    -7.824     7.358 1015  830  902 1070
 102    11.740    -4.290     0.311  637  806  882  896
 103     7.386   -12.216     5.681  986 1100 1108 1161
 104    -1.046     8.147    12.435  375  376  370  419
 105    10.153    11.454     7.090  144  277  311  272
 106   -13.883     3.564    19.096  688  533  468  593
 107   -15.516    -2.010     3.314  765  601  729  865
 108   -11.759     2.446    -2.926  525  392  607  723
 109     2.365    13.898     3.754   77  121  217  218
 110   -11.412    -0.950    -4.434  625  507  731  847
 111   -23.042     8.171     2.456  430  188  324  519
 112     3.615    -5.466    -2.977  720  773  912  967
 113   -13.842   -12.692    -3.009 1062  936 1096 1235
 114   -14.187     7.392     8.008  452  296  369  500
 115    -2.444    14.060    12.225  165  157  158  189
 116   -17.238     9.503    15.107  454  265  245  404
 117    -3.768    -7.235    10.018  926  921  911 1001
 118     1.949    -7.202    -3.586  783  822  970 1039
 119    -5.173     1.303     3.436  573  526  639  726
 120     1.757   -14.872    -5.258 1024 1052 1205 1275
 121    -7.099    -1.101     5.647  696  630  711  799
 122     1.735   -13.598     5.587 1066 1120 1135 1210
 123   -20.336    11.942    12.835  361  148  162  317
 124    19.991   -10.599     4.687  851 1115 1088 1099
 125   -10.302     8.834     4.201  339  240  344  459
 126    -9.929     3.815    18.120  634  536  479  578
 127    13.016     7.657     7.904  262  436  460  418
 128    19.251   -12.357    12.048  970 1237 1126 1131
 129    20.263    -3.357    10.146  633  927  844  798
 130   -19.728     3.259    10.424  655  434  498  669
 131   -10.372     6.241    17.645  549  439  392  493
 132   -20.170     0.611    10.776  766  531  589  756
 133     7.040   -14.409    10.326 1099 1216 1162 1219
 134    -4.405    -7.772     5.887  914  894  942 1041
 135    -4.835   -11.908    12.679 1115 1076 1062 1148
 136     7.094   -14.121    15.599 1131 1253 1140 1188
 137   -15.131    -7.752    11.652 1030  881  890 1044
 138    17.263   -12.672     6.468  944 1185 1139 1157
 139    14.490     7.577     5.495  235  424  476  430
 140     1.627     9.616    12.624  303  331  321  348
 141     7.099    -8.106    -4.923  764  869 1016 1071
 142    -8.231    15.405     7.252  115   46  102  182
 143   -13.362     3.214    11.734  627  478  513  641
 144    10.963   -10.546     3.307  895 1042 1076 1114
 145   -21.096    -1.624    -6.309  705  458  732  897
 146   -11.673    11.339    16.682  360  241  202  302
 147    16.946    -1.270    18.013  645  900  751  712
 148     4.455     4.636    18.538  523  607  499  506
 149    21.213    -9.739     6.989  833 1109 1069 1061
 150     0.492    -0.483     8.111  638  679  694  755
 151   -12.636    -6.893     6.874  939  819  884 1022
 152    -7.888    -4.289     7.198  832  757  809  911
 153     3.809     4.410     8.072  450  502  541  561
 154    11.154    -6.620    -1.539  726  872  968  985
 155   -21.546     6.469    -4.482  427  202  428  604
 156   -15.663     1.238    15.905  755  590  567  711
 157     0.738    10.783     7.731  222  254  296  320
 158    -3.508    -2.818     0.126  689  667  795  877
 159     9.017   -13.524     5.201 1017 1150 1157 1193
 160    -9.054    13.721    13.732  221  152  138  209
 161   -17.924     4.020    12.559  632  435  467  618
 162   -12.374     5.917    -3.772  394  264  483  598
 163   -10.706    -0.929     5.061  716  602  688  804
 164    10.763   -13.337    18.400 1108 1282 1117 1154
 165   -11.619    12.347     1.207  196   91  227  334
 166   -10.078    -7.954     7.034  964  874  933 1060
 167     4.399    -5.370     5.764  781  857  881  932
 168   -16.513    -8.747    12.257 1081  919  926 1084
 169   -10.812     9.844    14.226  389  282  260  372
 170     1.391     4.769     1.399  391  417  549  585
 171   -14.563    -8.445     6.584 1007  862  938 1086
 172   -12.558   -11.330     6.811 1093  974 1041 1162
 173    -8.333    12.431    14.907  279  216  180  256
 174   -20.724     6.360     9.456  539  312  382  549
 175    -1.831    -1.311    -0.875  606  615  758  821
 176    10.924    -9.445     0.610  836  983 1051 1091
 177     7.620   -12.186    19.595 1100 1233 1078 1125
 178    -0.735    -5.276    15.642  894  920  830  903
 179    13.646   -12.983     7.961  994 1191 1136 1168
 180     1.034     9.321    -2.290  203  233  400  439
 181    -9.456   -16.117    14.474 1296 1215 1171 1280
 182     6.123    -1.768    12.614  695  794  754  770
 183    -0.191    14.318     8.550  117  134  170  191
 184    -2.377     4.497    16.467  556  542  487  536
 185   -22.171     6.960    -2.930  425  191  407  582
 186     1.266   -13.943     4.631 1073 1121 1151 1229
 187    -7.006    -5.979    -4.228  793  722  905 1012
 188    18.083    12.670     6.737   53  273  295  200
 189     1.125    -0.096    -0.749  552  587  723  772
 190    11.836   -12.191    11.725 1008 1184 1104 1141
 191    -2.154    -5.455   -12.345  665  661  930 1009
 192    -7.238     1.151    -7.127  510  430  672  771
 193   -21.072    11.924     8.559  328  115  177  345
 194     9.890     8.427     5.021  228  360  429  411
 195    -2.665    -4.056    18.190  879  884  783  853
 196    10.025   -15.965     4.821 1087 1236 1227 1272
 197    21.728   -10.809     2.526  829 1106 1106 1104
 198     3.617     9.868    12.476  280  332  320  324
 199     7.430     6.713    -0.376  264  363  506  502
 200    22.307    -8.848    -4.018  704  988 1071 1065
 201    16.024     8.165    -3.610  147  324  497  445
 202     8.499    11.164     6.094  160  269  315  294
 203    -1.074    -7.098    -4.009  795  793  957 1047
 204   -13.945    -1.869    18.118  873  734  665  792
 205    -2.448     4.882     7.479  468  445  508  564
 206    21.932     1.401    -3.986  349  622  747  686
 207     1.702    -5.748    -5.745  717  748  928  991
 208   -16.575    -7.328    -2.708  909  732  922 1083
 209   -15.873    -8.157    -3.649  919  751  954 1103
 210    -7.338     5.740     6.314  457  378  466  550
 211   -13.993   -15.630     2.267 1196 1055 1178 1299
 212   -12.317    -1.316     3.734  734  598  707  827
 213    12.599   -11.994     2.586  920 1090 1120 1152
 214     4.753    15.679    15.941   94  164  104   91
 215    21.077     7.384     8.557  225  497  495  398
 216   -17.515     9.156    -3.746  304  130  337  496
 217     6.040   -13.204    13.494 1094 1205 1115 1172
 218   -11.137    10.670     8.127  308  208  254  370
 219     0.569    12.485     4.917  148  171  246  275
 220    16.717   -10.964    14.329  955 1200 1074 1088
 221   -21.271    13.702     6.240  240   39  124  288
 222   -24.926    -0.581    -4.769  709  413  669  863
 223    -8.089     7.985    12.168  426  334  348  450
 224    -3.150     3.446     3.755  493  460  570  635
 225    -9.379    15.599    17.592  193  114   46  119
 226     6.595   -12.499    11.343 1051 1159 1101 1155
 227   -17.928    -0.264     8.212  758  552  636  785
 228    -1.206   -16.393     6.158 1176 1204 1220 1295
 229   -19.072    -2.973    -8.804  730  496  789  946
 230     6.335    -4.130     3.513  701  800  850  892
 231     7.495     4.945    -0.955  327  427  571  574
 232    -7.115   -12.364     2.591 1058  997 1086 1190
 233   -21.778    -6.553     0.071  931  703  865 1057
 234   -16.738    -3.988    20.214  983  809  738  875
 235    22.575     9.259     3.406  126  386  449  340
 236   -14.924   -14.117    -3.243 1116  969 1138 1273
 237    -6.864   -12.817     6.012 1097 1039 1092 1198
 238    -1.031    14.218     2.064   70   82  201  225
 239    14.531    15.031     7.627    7  175  206  111
 240    14.711   -15.251     7.560 1059 1263 1212 1242
 241    -6.120     1.338    -1.049  538  477  653  741
 242    -7.986    -8.484    10.720 1000  941  943 1064
 243    -0.312    12.388    17.331  249  271  204  216
 244    16.206    -6.795     9.089  787 1001  955  945
 245    -2.492     4.353    -8.008  358  326  584  658
 246     6.950   -11.238    -1.916  900 1000 1094 1149
 247     8.102    -8.408     1.438  820  948 1005 1058
 248    -3.350     3.178    13.106  582  551  539  607
 249    26.158    -6.634    -3.640  596  945 1006  965
 250    -7.188     3.987     2.742  486  409  540  629
 251   -10.284    -9.155    -6.399  901  792 1007 1134
 252   -19.605    -2.956    15.271  925  716  695  866
 253     1.143     9.413    19.509  370  400  299  316
 254   -20.754    -6.314     6.051  973  743  842 1018
 255    -3.858    -4.800    20.266  930  926  797  873
 256    17.059     6.072     1.963  250  462  550  490
 257    -1.315   -14.730    11.074 1166 1188 1156 1241
 258    -4.284    12.655    -6.604   84   55  276  335
 259   -17.138    -0.598     1.180  714  516  673  823
 260   -21.115    10.307    10.029  403  180  226  408
 261   -11.687    11.242    -6.155  177   71  292  417
 262    -0.923   -14.691    15.498 1195 1228 1142 1226
 263   -18.332   -10.758    -0.749 1049  858 1027 1174
 264   -11.048    15.535    18.819  210  116   41  125
 265    11.165    -9.338    15.168  943 1114 1003 1030
 266    -0.537     9.173     9.256  307  313  346  394
 267     8.870   -14.302    -0.848  993 1128 1193 1244
 268    -0.111    12.728     6.786  159  176  230  258
 269     8.629     0.913    -2.393  459  572  715  731
 270    11.593     5.142    11.238  395  548  529  498
 271    12.099     7.110    14.437  351  513  445  409
 272    16.651    10.488    -1.379   76  276  408  330
 273    -8.472    11.387     1.233  206  138  272  365
 274     4.725   -12.387    18.748 1121 1210 1080 1139
 275   -20.989     8.113    -5.397  356  139  378  545
 276    11.897     3.134     3.424  402  561  628  610
 277    19.154    -8.799    -3.827  736  976 1064 1068
 278    -8.665    -3.208     5.098  785  699  780  885
 279    25.374    -9.320    -4.674  694 1018 1085 1078
 280     9.489     0.985    13.212  576  724  660  664
 281    16.635     6.591    17.693  362  599  470  399
 282    -3.249    -6.025    -4.159  761  741  919 1003
 283   -12.649   -15.674    15.155 1311 1192 1148 1271
 284    16.579   -13.810    16.215 1069 1313 1153 1165
 285    -0.328    -5.241     4.878  800  813  864  938
 286    -8.860    10.570    -3.119  205  129  314  421
 287     1.798    14.176    15.175  162  205  157  155
 288    22.841     9.028     7.143  158  433  440  323
 289    11.512     3.781     7.625  416  576  592  570
 290     1.364    15.048     9.662   88  122  151  150
 291    -4.608    10.743    -2.851  178  146  322  401
 292    -1.698    -0.649    -9.099  519  512  760  825
 293    -6.473    -0.781    -0.560  617  567  726  811
 294    -8.622     3.632    13.952  599  518  507  599
 295     8.337     4.750    -4.192  301  407  591  590
 296   -22.424    -0.351    -0.726  724  452  658  831
 297    -0.647     2.089    11.356  585  605  600  657
 298   -14.144   -14.704     9.890 1235 1092 1129 1261
 299   -18.890   -13.018    -1.983 1113  928 1091 1248
 300    23.194   -13.094    -1.012  864 1168 1185 1182
 301    11.537    10.803    -0.605  107  244  372  331
 302   -17.603    10.152     0.398  300  127  283  448
 303    -1.224     0.767     7.280  597  614  656  721
 304    -5.021    -5.098    16.252  915  889  813  904
 305     0.510    -5.184     1.541  756  782  875  948
 306    -5.701    11.355    18.360  334  283  216  270
 307    -5.520    18.096    12.575   44    4   13   60
 308     7.440    -7.534    18.992  936 1053  929  955
 309   -17.947    14.304    15.337  272   98   72  207
 310    -8.519     0.447   -10.163  516  421  701  807
 311   -22.815    11.200    -6.382  234   20  255  455
 312     2.939     4.050   -11.316  302  340  623  672
 313    -0.172   -14.466    18.602 1207 1249 1130 1204
 314     9.437    -5.895    18.454  866 1012  870  894
 315    -1.679    -1.309   -11.852  521  511  790  864
 316   -11.805    16.509    12.420  136   32   36  117
 317    19.360     2.839    14.984  465  733  622  544
 318     1.134    -7.291    -5.135  773  804  973 1055
 319    23.381    -5.047     5.279  630  956  931  878
 320   -12.761     4.999    -6.670  405  274  524  653
 321    27.105     2.867    -4.953  251  591  712  614
 322    -4.563    -5.467   -12.567  682  641  921 1019
 323     7.548    10.418    18.745  286  393  285  265
 324    -8.652    -9.514     3.053  976  907  998 1117
 325   -21.931    -5.282    -8.080  823  579  849 1029
 326    -3.781    10.925   -11.173  109   81  357  433
 327    22.004    -7.665     9.752  786 1061  994  962
 328    -4.650     1.806   -10.477  435  387  668  759
 329   -23.665     1.015     5.429  741  447  581  765
 330    23.749   -11.801     1.032  841 1145 1141 1137
 331    18.581    10.451    14.734  189  423  345  249
 332   -12.303   -13.504     5.916 1154 1037 1105 1233
 333   -26.352     4.857     0.942  566  268  451  663
 334   -16.626   -15.891     6.399 1258 1087 1166 1300
 335    -6.649   -11.684    15.242 1140 1079 1042 1143
 336     8.443     9.390    12.876  270  385  356  327
 337     1.469    -1.618    15.611  750  786  718  762
 338     0.579     0.253    14.550  677  710  655  709
 339    17.760    15.147    11.397   10  226  194   92
 340    -2.849     9.100    17.084  390  369  305  360
 341   -12.218    14.963    12.455  194   80   84  184
 342    14.249    -7.399    -5.752  687  886 1010 1027
 343   -20.312     4.916    -5.966  463  243  502  677
 344     1.774     8.727    12.742  342  372  355  386
 345    -7.419    -8.858    -2.806  903  835  995 1108
 346    -1.565     5.238    -8.682  310  302  562  619
 347     0.926     2.316   -10.427  386  402  666  730
 348     5.416     3.748   -10.534  306  374  637  674
 349    -3.541    10.855    10.752  274  252  268  315
 350   -22.843     2.635   -12.947  504  251  603  775
 351   -13.530   -10.624    -5.466  971  840 1047 1175
 352     9.305    -2.013    -3.959  536  676  816  833
 353    20.241   -15.262    14.738 1083 1362 1209 1207
 354     3.704    11.302    -4.922   98  153  342  358
 355     0.020    -7.934    -7.839  788  796  999 1087
 356   -17.352    -3.660    -1.449  797  608  792  941
 357     5.829    -2.599    -7.424  559  644  832  874
 358    22.210    10.015     9.826  146  414  401  278
 359    23.189     2.476    -3.743  298  596  709  633
 360    -6.524   -13.509     0.555 1071 1025 1132 1239
 361    25.600     8.162    -1.254  111  404  516  405
 362    11.181   -10.838    14.198  988 1155 1061 1094
 363    -2.637    -7.675    16.354  989  985  907  993
 364     5.144     2.177    14.548  572  665  604  615
 365    12.392     2.073    17.196  554  735  618  588
 366    18.455    10.687    15.781  191  422  329  232
 367    -7.017    13.903    12.379  204  143  147  204
 368     5.513     7.612    19.934  417  498  388  384
 369    17.615    15.810    13.772    8  220  164   63
 370   -22.790    -9.237    -7.519  967  720  988 1151
 371    13.883   -14.210     1.383  977 1172 1195 1225
 372    19.784    12.725     8.828   58  293  289  185
 373    -2.119    -6.248    -9.746  729  714  947 1031
 374    24.906     3.881    -1.742  254  565  661  571
 375    -9.109    -1.357    -0.927  657  568  742  843
 376   -22.032    14.183     9.853  257   43   85  257
 377    -4.505     1.851    15.604  654  628  578  659
 378   -22.292    -4.794    -7.235  816  566  828 1010
 379   -13.689   -16.379    14.299 1333 1202 1170 1292
 380    -4.905     0.566    20.082  752  717  612  688
 381    -3.657    -4.807   -12.202  650  629  897  989
 382   -24.325    -1.637    -8.515  710  426  730  908
 383     0.046     5.867    -7.128  289  301  533  583
 384     3.749     4.799    10.023  451  509  521  535
 385    -3.384    15.939    17.918  151  133   54   94
 386    -1.468     1.579    13.513  624  635  611  673
 387    -1.930    -7.767    -4.159  814  814  980 1074
 388    16.928   -14.345     3.500  978 1209 1197 1221
 389   -22.674     9.301     1.259  374  141  291  484
 390   -23.154     8.131    -4.647  368  132  362  551
 391    10.042    10.044     0.656  143  275  397  364
 392    23.040    11.724     3.323   32  300  365  242
 393    -8.233    -7.995    -7.982  835  750  983 1101
 394    -8.862    -6.235    -6.304  796  706  918 1034
 395     3.548     3.762    -7.383  346  388  621  661
 396   -21.672     1.021    -7.023  595  353  633  803
 397   -15.720   -16.417    11.179 1319 1157 1176 1308
 398    10.672     7.629    -0.752  209  343  486  466
 399    10.413   -17.004    15.360 1197 1364 1236 1276
 400   -15.278     8.207    -5.364  312  160  398  531
 401    -7.364   -12.500    -6.846  981  932 1113 1228
 402    -0.598    -5.838    13.894  899  923  855  928
 403     0.643     9.847    -4.257  171  197  389  429
 404    15.735    -3.765    -4.399  565  769  886  887
 405   -12.525   -11.331   -10.324  946  826 1082 1203
 406     1.585     7.975    13.371  371  403  384  414
 407   -10.724    -5.983     1.886  857  752  872  997
 408    -5.641    -7.598    -8.827  798  742  978 1090
 409   -12.271    -8.833   -10.537  860  736 1001 1138
 410     8.471     8.645    -3.793  170  280  455  451
 411     9.658    11.053    -3.095   86  213  367  341
 412   -13.151    -9.876    -6.164  933  805 1025 1153
 413    -2.019    -9.722    -4.286  878  887 1043 1132
 414     5.703    14.239    13.015  122  206  176  149
 415    19.264   -14.291    15.687 1063 1332 1175 1181
 416   -26.370    11.088    -3.147  293   34  237  453
 417     4.074    -7.123    -6.811  745  801  982 1048
 418     1.637   -17.899    18.259 1316 1366 1237 1311
 419     5.368    13.380    -2.265   34  110  266  262
 420    23.173   -14.274     5.739  954 1266 1207 1192
 421     7.332     1.503    -6.072  411  508  696  724
 422    21.057     2.465    -7.814  278  535  716  670
 423   -23.231   -15.195    -1.215 1208  975 1150 1313
 424     6.858    10.352    12.745  245  336  313  300
 425   -25.908     5.908    -6.979  458  174  442  654
 426   -14.302   -11.573     0.855 1061  930 1059 1186
 427   -17.259   -15.114    -3.264 1158  982 1165 1302
 428    -1.582    10.713   -11.688  101   96  377  435
 429   -16.198   -16.549    13.512 1347 1182 1172 1304
 430     7.396    10.991    -0.667  120  221  350  338
 431    21.224   -13.210    -5.755  847 1116 1196 1196
 432    -1.005    13.844    -7.275   21   26  244  286
 433     7.089    -1.769    15.475  727  833  746  758
 434     4.410     1.374    -8.034  419  474  700  743
 435    14.328     9.684    18.974  271  465  340  268
 436    25.582    10.261    -1.188   38  323  437  311
 437    -5.307     7.508    10.825  413  358  391  464
 438     4.499     4.937   -10.415  266  322  595  620
 439   -14.976    13.316    18.723  322  169   99  222
 440    15.961     1.756    -6.929  345  540  727  702
 441    -6.103    -3.947   -14.261  614  560  866  969
 442     8.183     7.645    14.339  355  463  416  400
 443   -20.844     1.683   -16.095  499  272  648  813
 444    -1.065    15.792    -1.254    4    0  161  186
 445     5.751     3.327    16.171  541  639  556  560
 446     1.681     3.689    15.525  551  600  530  562
 447    15.239    -1.333    -6.208  466  666  817  800
 448   -21.497    -8.792     1.600 1025  784  946 1119
 449   -16.204    12.582    -2.632  181   35  222  357
 450   -16.629    -6.613    -1.693  890  715  889 1053
 451   -13.628   -10.305    -5.587  957  825 1040 1166
 452     0.915    10.549   -10.069  102  124  390  427
 453    11.095     0.726    -7.958  401  541  753  745
 454   -12.336   -10.287     2.099 1020  903 1018 1146
 455    -1.086    -6.194   -14.471  668  672  958 1049
 456    25.761     1.061    -6.145  316  637  769  699
 457     2.601   -14.085   -10.077  945  999 1194 1264
 458    -6.543   -10.723    -7.294  916  864 1072 1173
 459    17.238    11.083    17.010  195  408  307  211
 460    10.192     4.214   -12.380  246  366  645  645
 461    11.038    15.673    16.359   63  212  132   72
 462    -5.065    -2.097   -15.422  534  484  814  907
 463    17.088     7.376    19.367  350  582  433  353
 464    11.091    13.905    15.499  121  260  197  129
 465    25.923    -0.066    -6.515  354  681  808  738
 466    15.246    -0.802    -6.935  434  638  803  786
 467    21.921    -0.936    -9.845  379  655  829  789
 468    17.652    12.486    18.472  155  373  251  148
 469     0.906    18.572    19.764   42   76    1    1
 470     8.199    11.511    -4.524   65  166  349  333
 471   -19.206   -12.994   -12.813 1026  823 1119 1268
 472   -25.278    -4.377    -9.959  801  506  819 1011
 473    -0.163   -14.859    -8.879  997 1023 1208 1288
 474   -18.338    -3.678   -10.838  735  514  818  973
 475    13.994     4.003    -8.933  256  429  652  623
 476     8.654   -15.012    -2.620  999 1132 1217 1265
 477    17.804    -0.789     7.800  537  781  763  728
 478     2.352    -0.789   -10.556  490  522  781  828
 479    17.144    -9.031    -9.050  697  933 1075 1098
 480    23.750     6.250    -7.160  141  412  599  505
 481    15.287    -7.175    -6.716  659  867 1009 1020
 482     8.720    -7.621    -8.017  719  839 1011 1062
 483   -22.769     8.622   -12.728  281   60  385  565
 484    12.335     8.414     7.588  236  398  427  390
 485     5.915     4.110   -13.468  263  335  635  671
 486     4.561     5.411   -13.622  223  289  588  616
 487    -1.830    -1.950   -16.129  513  487  822  901
 488    22.043   -13.557    -2.420  872 1162 1200 1197
 489    15.243     6.159    -8.217  184  357  579  534
 490     8.733   -14.263    -6.220  940 1065 1204 1256
 491    18.357     3.129    -8.664  261  482  683  651
 492   -10.216   -13.257   -14.662  959  865 1152 1267
 493   -15.444    -4.192   -15.873  678  499  852 1002
 494    -8.016    -2.263   -17.332  546  457  820  927
 495   -18.563     9.139    -7.645  276  101  354  511
 496    16.302     0.934   -12.109  329  523  766  744
 497     1.069    11.988    -9.987   48   78  325  367
 498    18.103    -0.421   -11.094  369  604  810  781
 499    -3.715     5.850   -16.068  241  222  561  627
 500   -17.333    -0.265   -15.330  553  351  725  870
 501   -16.605    -3.559   -12.147  691  503  823  970
 502    -1.130   -10.704   -12.577  844  848 1087 1179
 503    -6.575     2.783    10.868  590  529  557  643
 504   -23.137    -6.962   -13.691  845  586  927 1106
 505    10.447    -6.474   -11.830  619  767  991 1024
 506    -5.381     4.964   -16.996  275  234  585  684
 507    19.355     6.210   -11.618  135  348  605  537
 508   -20.401     7.361   -15.774  290   90  444  617
 509   -24.032     5.864   -12.047  398  151  478  675
 510    -4.612    11.769   -11.179   80   49  319  403
 511    23.879    -5.766    -8.798  542  852  992  956
 512   -11.260    -8.122   -15.078  799  685  997 1129
 513    20.331     7.390   -10.381   99  320  564  489
 514     8.606     4.294   -13.145  247  345  638  652
 515    17.481     5.484   -10.510  176  381  616  569
 516    15.667     6.391   -12.684  140  316  586  542
 517    13.180     1.859   -14.884  291  446  744  732
 518    19.378    -2.887   -14.168  428  673  901  881
 519     6.306    -7.324   -15.620  643  740 1017 1080
 520     3.558   -12.992   -11.709  898  963 1164 1240
 521    14.976     8.681   -17.153   35  211  525  485
 522    16.330     8.926   -14.839   37  225  512  465
 523    -8.761    -9.716   -15.886  830  739 1058 1169
 524    19.870   -13.433   -10.922  817 1059 1211 1222
 525    20.092   -11.413   -10.628  753 1005 1155 1158
 526   -12.781    -3.362    14.396  887  762  749  862
 527    19.189     5.810   -15.106  127  330  625  573
 528    23.733    -9.768   -12.364  651  961 1111 1113
 529    21.572    -9.417   -13.948  640  924 1099 1109
 530    17.538     2.072   -14.480  258  469  748  718
 531    14.625    -9.704   -11.714  723  917 1089 1126
 532   -14.530    -4.611   -18.780  656  493  880 1028
 533     4.165    12.429     6.143  137  207  258  263
 534    20.247     7.005   -15.372   71  298  590  525
 535   -19.207    -5.959    -0.012  907  691  856 1021
 536    13.182     8.088   -15.443   73  232  531  503
 537    23.492    -4.210   -16.078  433  729  961  922
 538    17.508    12.116     9.813  103  310  302  210
